application_id,annual_income,debt_to_income,credit_score,employment_type,loan_purpose,approval_score_leak,approved
LN-00000,166229,0.06,537,salaried,home,0.009,no
LN-00001,83132,0.44,635,self_employed,car,0.0162,no
LN-00002,75826,0.66,553,student,car,0.012,no
LN-00003,160252,0.17,786,student,car,0.9912,yes
LN-00004,116465,0.12,768,student,home,0.9904,yes
LN-00005,95765,0.31,752,salaried,home,0.9892,yes
LN-00006,151691,0.34,783,contract,business,0.9865,yes
LN-00007,50568,0.05,782,student,home,0.0143,no
LN-00008,63734,0.18,660,self_employed,education,0.0197,no
LN-00009,27908,0.73,766,salaried,home,0.0177,no
LN-00010,40170,0.59,622,salaried,home,0.0042,no
LN-00011,83050,0.5,798,student,car,0.0075,no
LN-00012,91260,0.11,625,self_employed,business,0.0104,no
LN-00013,35370,0.13,665,self_employed,medical,0.014,no
LN-00014,159329,0.48,721,self_employed,education,0.9894,yes
LN-00015,48318,0.42,721,contract,business,0.0139,no
LN-00016,71303,0.3,682,contract,business,0.0118,no
LN-00017,95090,0.08,604,salaried,education,0.0215,no
LN-00018,136938,0.25,740,salaried,home,0.0253,no
LN-00019,71248,0.2,653,contract,medical,0.0047,no
LN-00020,171567,0.18,817,salaried,business,0.9757,yes
LN-00021,119415,0.51,533,student,medical,0.0265,no
LN-00022,156286,0.7,804,contract,medical,0.0051,no
LN-00023,112745,0.38,720,contract,car,0.0199,no
LN-00024,137541,0.32,724,self_employed,business,0.0086,no
LN-00025,36278,0.57,682,self_employed,education,0.0236,no
LN-00026,76062,0.35,817,salaried,car,0.0264,no
LN-00027,36720,0.46,635,student,business,0.0108,no
LN-00028,121003,0.24,588,contract,business,0.0054,no
LN-00029,113888,0.26,659,contract,home,0.0181,no
LN-00030,30758,0.6,693,salaried,business,0.0043,no
LN-00031,171819,0.27,536,contract,medical,0.0088,no
LN-00032,125381,0.61,521,student,medical,0.0056,no
LN-00033,43574,0.41,715,self_employed,car,0.0124,no
LN-00034,58795,0.26,767,contract,business,0.0162,no
LN-00035,70891,0.27,570,student,car,0.0175,no
LN-00036,70930,0.62,549,contract,home,0.0161,no
LN-00037,138641,0.27,606,salaried,education,0.0256,no
LN-00038,86858,0.35,564,self_employed,education,0.0045,no
LN-00039,23102,0.37,704,contract,business,0.0177,no
LN-00040,96021,0.45,635,contract,business,0.0238,no
LN-00041,51895,0.11,777,self_employed,medical,0.0239,no
LN-00042,77167,0.28,588,self_employed,home,0.0138,no
LN-00043,119007,0.22,553,contract,business,0.0227,no
LN-00044,149152,0.54,809,salaried,car,0.0174,no
LN-00045,89199,0.27,705,student,car,0.0055,no
LN-00046,75684,0.26,556,salaried,medical,0.0131,no
LN-00047,91733,0.19,560,student,business,0.0194,no
LN-00048,66310,0.44,632,self_employed,education,0.0086,no
LN-00049,62491,0.66,526,contract,education,0.0233,no
LN-00050,43138,0.46,613,student,medical,0.0069,no
LN-00051,65864,0.39,775,contract,medical,0.0202,no
LN-00052,125079,0.63,816,contract,education,0.9908,yes
LN-00053,33745,0.15,716,salaried,home,0.007,no
LN-00054,155479,0.39,645,contract,home,0.0096,no
LN-00055,44411,0.37,565,salaried,business,0.0098,no
LN-00056,75352,0.33,753,self_employed,car,0.0115,no
LN-00057,117678,0.44,641,salaried,car,0.0112,no
LN-00058,162731,0.18,596,self_employed,car,0.0218,no
LN-00059,45921,0.39,609,contract,business,0.0266,no
LN-00060,41022,0.43,630,contract,home,0.0033,no
LN-00061,30610,0.58,792,contract,home,0.0118,no
LN-00062,30661,0.33,585,self_employed,medical,0.0078,no
LN-00063,99419,0.72,557,salaried,education,0.0262,no
LN-00064,117365,0.25,541,student,home,0.0222,no
LN-00065,163859,0.62,800,salaried,home,0.9754,yes
LN-00066,96400,0.31,745,self_employed,medical,0.0233,no
LN-00067,154912,0.53,730,student,medical,0.013,no
LN-00068,72336,0.74,675,contract,medical,0.0229,no
LN-00069,66636,0.67,546,salaried,car,0.0202,no
LN-00070,123433,0.31,616,self_employed,business,0.013,no
LN-00071,45305,0.52,588,salaried,home,0.0095,no
LN-00072,67191,0.29,704,self_employed,car,0.0142,no
LN-00073,47337,0.7,700,self_employed,car,0.013,no
LN-00074,137128,0.4,640,student,medical,0.0034,no
LN-00075,161328,0.71,810,student,business,0.0203,no
LN-00076,163897,0.63,672,student,home,0.0071,no
LN-00077,82153,0.42,549,self_employed,business,0.0238,no
LN-00078,64967,0.06,692,contract,car,0.0124,no
LN-00079,67276,0.67,623,self_employed,medical,0.0049,no
LN-00080,161226,0.6,654,contract,car,0.0047,no
LN-00081,129080,0.32,818,contract,education,0.0151,no
LN-00082,81903,0.21,702,salaried,car,0.0229,no
LN-00083,39774,0.05,707,student,car,0.0076,no
LN-00084,134432,0.42,718,contract,medical,0.0228,no
LN-00085,44749,0.55,761,salaried,home,0.011,no
LN-00086,40569,0.63,698,contract,business,0.0076,no
LN-00087,152810,0.74,800,contract,medical,0.0155,no
LN-00088,30197,0.63,578,salaried,car,0.0204,no
LN-00089,118798,0.37,534,contract,car,0.0259,no
LN-00090,170742,0.72,696,student,home,0.0246,no
LN-00091,89638,0.74,815,contract,education,0.0064,no
LN-00092,120813,0.48,611,salaried,education,0.0185,no
LN-00093,31978,0.61,646,student,medical,0.0215,no
LN-00094,157426,0.66,763,contract,car,0.0181,no
LN-00095,162610,0.36,760,self_employed,business,0.9813,yes
LN-00096,102367,0.07,671,student,home,0.0211,no
LN-00097,23240,0.62,680,salaried,medical,0.0108,no
LN-00098,47594,0.25,785,self_employed,business,0.0129,no
LN-00099,28134,0.35,656,self_employed,education,0.0044,no
LN-00100,53666,0.1,631,self_employed,business,0.0031,no
LN-00101,68158,0.41,815,student,home,0.0083,no
LN-00102,89646,0.24,611,salaried,home,0.0222,no
LN-00103,26664,0.74,674,student,medical,0.0203,no
LN-00104,159821,0.62,613,salaried,home,0.0255,no
LN-00105,90768,0.39,612,self_employed,education,0.0264,no
LN-00106,30300,0.4,525,student,medical,0.0077,no
LN-00107,160539,0.31,543,contract,business,0.0221,no
LN-00108,117047,0.68,779,student,education,0.0208,no
LN-00109,40890,0.15,652,contract,car,0.0087,no
LN-00110,109413,0.73,695,student,car,0.0113,no
LN-00111,177011,0.06,722,salaried,education,0.9873,yes
LN-00112,82491,0.45,586,student,car,0.0069,no
LN-00113,74224,0.15,578,contract,business,0.0065,no
LN-00114,70486,0.43,599,student,business,0.0073,no
LN-00115,27130,0.65,576,salaried,business,0.0251,no
LN-00116,166498,0.66,806,salaried,education,0.973,yes
LN-00117,124062,0.22,770,self_employed,car,0.9792,yes
LN-00118,166140,0.57,739,self_employed,business,0.0196,no
LN-00119,66892,0.7,707,contract,medical,0.0096,no
LN-00120,43275,0.17,799,student,medical,0.0268,no
LN-00121,74248,0.66,787,self_employed,home,0.024,no
LN-00122,113861,0.31,657,salaried,education,0.0199,no
LN-00123,167058,0.48,603,self_employed,business,0.0072,no
LN-00124,120700,0.18,585,student,education,0.0052,no
LN-00125,79958,0.24,722,student,car,0.0245,no
LN-00126,65929,0.19,560,contract,medical,0.0261,no
LN-00127,100598,0.66,642,contract,medical,0.0187,no
LN-00128,87705,0.37,567,contract,home,0.0089,no
LN-00129,54402,0.4,640,salaried,home,0.0174,no
LN-00130,67376,0.33,727,contract,medical,0.0155,no
LN-00131,119821,0.16,639,self_employed,education,0.0251,no
LN-00132,76166,0.49,656,salaried,business,0.0154,no
LN-00133,58209,0.24,724,student,education,0.0074,no
LN-00134,165355,0.1,702,salaried,medical,0.9883,yes
LN-00135,31311,0.54,704,self_employed,car,0.0164,no
LN-00136,116020,0.64,673,self_employed,education,0.0235,no
LN-00137,53014,0.53,780,contract,education,0.0033,no
LN-00138,93793,0.13,655,self_employed,home,0.0174,no
LN-00139,127604,0.13,767,contract,home,0.0186,no
LN-00140,144384,0.43,641,contract,business,0.0236,no
LN-00141,177903,0.24,797,contract,car,0.9871,yes
LN-00142,37688,0.21,563,student,car,0.0261,no
LN-00143,27114,0.62,692,salaried,car,0.0114,no
LN-00144,105355,0.49,724,self_employed,medical,0.023,no
LN-00145,61914,0.17,554,student,medical,0.006,no
LN-00146,135666,0.48,605,contract,medical,0.0068,no
LN-00147,90579,0.18,528,self_employed,business,0.0042,no
LN-00148,93547,0.72,596,contract,education,0.0135,no
LN-00149,149079,0.26,744,student,education,0.0086,no
LN-00150,116338,0.4,695,self_employed,medical,0.0126,no
LN-00151,125288,0.32,619,salaried,business,0.0193,no
LN-00152,91112,0.19,658,self_employed,car,0.0145,no
LN-00153,81954,0.11,739,self_employed,medical,0.0071,no
LN-00154,163490,0.45,704,salaried,education,0.9763,yes
LN-00155,163652,0.17,540,self_employed,business,0.004,no
LN-00156,72856,0.47,682,self_employed,home,0.0075,no
LN-00157,143268,0.32,568,student,education,0.0128,no
LN-00158,140712,0.12,728,contract,business,0.9819,yes
LN-00159,64188,0.24,687,contract,business,0.0196,no
LN-00160,85459,0.13,528,self_employed,education,0.0179,no
LN-00161,152189,0.42,698,self_employed,business,0.0231,no
LN-00162,159925,0.35,529,student,education,0.0219,no
LN-00163,149605,0.07,610,self_employed,car,0.0105,no
LN-00164,36738,0.26,815,contract,home,0.0078,no
LN-00165,177745,0.12,711,contract,business,0.0174,no
LN-00166,48372,0.24,691,self_employed,medical,0.0145,no
LN-00167,175205,0.09,775,contract,home,0.9758,yes
LN-00168,35177,0.68,735,salaried,medical,0.006,no
LN-00169,101834,0.14,708,contract,car,0.0095,no
LN-00170,103747,0.3,596,self_employed,car,0.0201,no
LN-00171,169910,0.71,725,student,home,0.0171,no
LN-00172,140357,0.25,534,salaried,home,0.0143,no
LN-00173,174478,0.53,528,contract,medical,0.0121,no
LN-00174,134837,0.23,806,self_employed,business,0.9733,yes
LN-00175,151457,0.54,639,salaried,home,0.0036,no
LN-00176,135110,0.69,605,contract,car,0.0101,no
LN-00177,139002,0.46,720,contract,car,0.0226,no
LN-00178,68577,0.65,573,salaried,medical,0.0186,no
LN-00179,57785,0.06,813,student,home,0.9828,yes
LN-00180,126961,0.44,672,student,medical,0.0151,no
LN-00181,81909,0.23,715,self_employed,car,0.0154,no
LN-00182,38930,0.4,572,contract,medical,0.0122,no
LN-00183,143942,0.17,532,contract,business,0.0056,no
LN-00184,61722,0.17,641,student,home,0.0238,no
LN-00185,114858,0.23,726,contract,medical,0.0257,no
LN-00186,50221,0.06,719,salaried,education,0.0257,no
LN-00187,174616,0.16,615,student,home,0.0257,no
LN-00188,89277,0.68,773,student,education,0.0174,no
LN-00189,98319,0.65,551,salaried,business,0.0095,no
LN-00190,157764,0.61,706,self_employed,medical,0.01,no
LN-00191,73490,0.43,538,student,business,0.0069,no
LN-00192,107268,0.5,600,contract,education,0.012,no
LN-00193,114669,0.35,540,salaried,home,0.0176,no
LN-00194,130634,0.32,612,self_employed,business,0.0261,no
LN-00195,161033,0.21,579,contract,business,0.0173,no
LN-00196,175844,0.14,550,salaried,business,0.0177,no
LN-00197,88213,0.3,695,salaried,car,0.0049,no
LN-00198,164681,0.24,544,self_employed,medical,0.0089,no
LN-00199,81641,0.72,809,self_employed,business,0.0101,no
LN-00200,47833,0.67,720,student,medical,0.023,no
LN-00201,77859,0.38,650,self_employed,education,0.0174,no
LN-00202,33161,0.24,543,salaried,home,0.0235,no
LN-00203,65238,0.08,552,salaried,home,0.0074,no
LN-00204,99666,0.71,687,self_employed,car,0.0065,no
LN-00205,149990,0.06,613,self_employed,education,0.9749,yes
LN-00206,173914,0.36,684,student,car,0.0183,no
LN-00207,151683,0.24,782,salaried,car,0.0229,no
LN-00208,56436,0.29,563,self_employed,car,0.0152,no
LN-00209,150696,0.25,528,student,education,0.005,no
LN-00210,156485,0.72,684,student,home,0.0081,no
LN-00211,30605,0.3,560,salaried,business,0.0116,no
LN-00212,129288,0.48,591,self_employed,car,0.0123,no
LN-00213,168462,0.46,702,self_employed,car,0.9922,yes
LN-00214,141051,0.17,711,salaried,business,0.0116,no
LN-00215,154284,0.65,687,contract,business,0.0117,no
LN-00216,134501,0.15,756,salaried,car,0.9851,yes
LN-00217,158408,0.35,549,salaried,education,0.0176,no
LN-00218,153196,0.13,762,contract,business,0.9867,yes
LN-00219,72819,0.28,654,contract,education,0.008,no
LN-00220,62643,0.29,723,self_employed,business,0.0039,no
LN-00221,178838,0.18,778,salaried,education,0.9787,yes
LN-00222,128898,0.36,647,self_employed,car,0.0236,no
LN-00223,71187,0.25,807,contract,education,0.024,no
LN-00224,91895,0.69,664,salaried,medical,0.0166,no
LN-00225,57875,0.13,623,self_employed,home,0.0071,no
LN-00226,92501,0.45,782,student,business,0.0207,no
LN-00227,48727,0.15,603,contract,business,0.0083,no
LN-00228,36345,0.61,785,salaried,education,0.0098,no
LN-00229,65740,0.46,545,contract,car,0.0069,no
LN-00230,144837,0.7,794,student,home,0.0164,no
LN-00231,162115,0.15,653,student,business,0.0088,no
LN-00232,53932,0.34,721,self_employed,medical,0.0143,no
LN-00233,69895,0.7,541,student,home,0.0186,no
LN-00234,87586,0.55,585,contract,car,0.0042,no
LN-00235,95362,0.34,727,student,home,0.0252,no
LN-00236,106239,0.29,720,contract,car,0.0065,no
LN-00237,151478,0.5,603,contract,education,0.0173,no
LN-00238,171516,0.07,619,contract,car,0.0043,no
LN-00239,167755,0.17,776,contract,car,0.9949,yes
LN-00240,48676,0.17,583,self_employed,medical,0.0141,no
LN-00241,44888,0.52,636,salaried,home,0.006,no
LN-00242,151711,0.24,759,student,medical,0.0255,no
LN-00243,76991,0.73,797,self_employed,education,0.0223,no
LN-00244,130637,0.69,714,self_employed,home,0.0177,no
LN-00245,61706,0.63,774,contract,car,0.0224,no
LN-00246,117883,0.39,746,self_employed,education,0.0153,no
LN-00247,33849,0.61,721,contract,education,0.0212,no
LN-00248,102231,0.25,605,self_employed,education,0.0203,no
LN-00249,157571,0.32,816,contract,education,0.9789,yes
LN-00250,60221,0.57,575,salaried,medical,0.0084,no
LN-00251,171584,0.26,591,salaried,medical,0.026,no
LN-00252,145128,0.43,637,student,education,0.0198,no
LN-00253,146056,0.3,523,contract,home,0.019,no
LN-00254,84268,0.32,670,contract,education,0.0081,no
LN-00255,172901,0.6,739,salaried,car,0.993,yes
LN-00256,60408,0.41,623,self_employed,business,0.0184,no
LN-00257,76103,0.25,808,contract,car,0.014,no
LN-00258,32543,0.64,622,salaried,business,0.0155,no
LN-00259,158864,0.4,781,self_employed,education,0.0046,no
LN-00260,126492,0.15,782,student,education,0.0249,no
LN-00261,64720,0.4,774,student,medical,0.0106,no
LN-00262,160870,0.61,773,salaried,car,0.9896,yes
LN-00263,163266,0.64,535,self_employed,medical,0.0044,no
LN-00264,92669,0.31,548,salaried,car,0.0177,no
LN-00265,156352,0.64,547,student,business,0.014,no
LN-00266,140325,0.71,718,self_employed,education,0.0153,no
LN-00267,89046,0.27,683,student,home,0.025,no
LN-00268,58771,0.65,691,salaried,car,0.0195,no
LN-00269,102449,0.36,521,self_employed,education,0.0187,no
LN-00270,145189,0.21,520,salaried,education,0.0212,no
LN-00271,77174,0.49,633,contract,business,0.0102,no
LN-00272,97747,0.41,626,self_employed,medical,0.0216,no
LN-00273,113445,0.11,759,contract,medical,0.9922,yes
LN-00274,174079,0.49,614,self_employed,home,0.0071,no
LN-00275,133240,0.25,638,contract,car,0.0177,no
LN-00276,162760,0.46,798,contract,home,0.983,yes
LN-00277,169651,0.38,648,contract,education,0.0127,no
LN-00278,110069,0.73,640,contract,medical,0.007,no
LN-00279,141575,0.1,774,contract,education,0.9833,yes
LN-00280,153200,0.66,597,student,medical,0.0119,no
LN-00281,90325,0.2,534,salaried,education,0.0182,no
LN-00282,138604,0.12,813,student,education,0.9753,yes
LN-00283,77682,0.46,755,self_employed,education,0.019,no
LN-00284,142817,0.63,726,student,home,0.0066,no
LN-00285,178679,0.31,710,contract,education,0.0078,no
LN-00286,86102,0.22,642,salaried,education,0.0114,no
LN-00287,117709,0.09,540,student,car,0.0148,no
LN-00288,161639,0.73,791,salaried,medical,0.9831,yes
LN-00289,123320,0.73,661,contract,medical,0.0263,no
LN-00290,23082,0.1,587,student,home,0.0151,no
LN-00291,93428,0.69,576,salaried,medical,0.0049,no
LN-00292,40242,0.33,778,student,education,0.0181,no
LN-00293,112460,0.23,582,student,business,0.0243,no
LN-00294,30239,0.06,790,contract,education,0.0145,no
LN-00295,28387,0.52,664,self_employed,home,0.0129,no
LN-00296,64820,0.3,814,student,business,0.0159,no
LN-00297,159922,0.73,585,student,car,0.0065,no
LN-00298,32447,0.47,682,student,business,0.0155,no
LN-00299,179298,0.18,696,student,home,0.0163,no
LN-00300,98953,0.13,816,salaried,medical,0.9964,yes
LN-00301,96077,0.71,700,self_employed,education,0.0237,no
LN-00302,178088,0.22,807,salaried,medical,0.992,yes
LN-00303,156654,0.66,591,self_employed,education,0.0111,no
LN-00304,112002,0.52,617,student,car,0.0101,no
LN-00305,167448,0.25,611,self_employed,car,0.0249,no
LN-00306,59562,0.2,620,student,car,0.022,no
LN-00307,32939,0.68,720,self_employed,home,0.0199,no
LN-00308,74068,0.15,530,salaried,car,0.017,no
LN-00309,121823,0.21,764,contract,car,0.9892,yes
LN-00310,66559,0.68,540,contract,car,0.011,no
LN-00311,81926,0.54,615,salaried,business,0.0121,no
LN-00312,75887,0.67,730,self_employed,education,0.0221,no
LN-00313,174118,0.37,530,student,home,0.016,no
LN-00314,72093,0.53,736,salaried,business,0.0096,no
LN-00315,149694,0.49,548,contract,medical,0.01,no
LN-00316,121003,0.15,547,contract,medical,0.0178,no
LN-00317,138783,0.62,549,contract,home,0.0213,no
LN-00318,118347,0.3,765,salaried,business,0.9814,yes
LN-00319,32532,0.66,678,salaried,car,0.0133,no
LN-00320,176613,0.49,803,contract,medical,0.974,yes
LN-00321,170389,0.11,734,salaried,car,0.9875,yes
LN-00322,42257,0.44,815,contract,home,0.0089,no
LN-00323,146342,0.38,572,student,business,0.0205,no
LN-00324,28320,0.73,720,contract,education,0.0115,no
LN-00325,144578,0.31,669,self_employed,business,0.0089,no
LN-00326,156488,0.71,543,contract,education,0.0105,no
LN-00327,84258,0.56,737,self_employed,education,0.0164,no
LN-00328,62376,0.23,577,salaried,business,0.0147,no
LN-00329,103648,0.45,742,self_employed,education,0.009,no
LN-00330,97093,0.31,570,student,medical,0.0075,no
LN-00331,65998,0.58,561,contract,car,0.0248,no
LN-00332,35048,0.15,745,student,home,0.0105,no
LN-00333,154744,0.12,737,contract,business,0.9811,yes
LN-00334,108555,0.34,819,salaried,home,0.9884,yes
LN-00335,157667,0.32,641,salaried,car,0.0063,no
LN-00336,153190,0.65,525,salaried,education,0.0081,no
LN-00337,104012,0.12,694,contract,business,0.0092,no
LN-00338,52481,0.71,618,self_employed,medical,0.0176,no
LN-00339,121475,0.25,561,contract,business,0.0037,no
LN-00340,128049,0.25,755,salaried,education,0.9926,yes
LN-00341,127617,0.37,670,self_employed,business,0.0228,no
LN-00342,77350,0.3,532,self_employed,home,0.0129,no
LN-00343,105881,0.38,582,self_employed,home,0.0085,no
LN-00344,177280,0.22,735,contract,medical,0.9783,yes
LN-00345,86596,0.47,604,self_employed,car,0.0068,no
LN-00346,98568,0.6,712,contract,car,0.0142,no
LN-00347,50369,0.47,637,student,medical,0.0242,no
LN-00348,142639,0.31,676,salaried,home,0.0061,no
LN-00349,64201,0.26,707,student,car,0.0136,no
LN-00350,167207,0.52,702,contract,home,0.0178,no
LN-00351,41497,0.14,639,contract,education,0.0046,no
LN-00352,24686,0.63,587,self_employed,medical,0.0149,no
LN-00353,171462,0.66,522,student,car,0.0185,no
LN-00354,112155,0.26,776,contract,education,0.0119,no
LN-00355,55041,0.34,718,contract,car,0.0209,no
LN-00356,60463,0.07,538,contract,education,0.026,no
LN-00357,95453,0.62,538,student,education,0.0164,no
LN-00358,147001,0.52,718,contract,home,0.0192,no
LN-00359,123997,0.06,702,self_employed,business,0.013,no
LN-00360,25208,0.64,810,contract,medical,0.0238,no
LN-00361,87065,0.47,785,salaried,education,0.9893,yes
LN-00362,80237,0.49,717,salaried,car,0.0228,no
LN-00363,152325,0.62,624,salaried,home,0.0216,no
LN-00364,122977,0.64,580,self_employed,car,0.0186,no
LN-00365,73271,0.33,674,salaried,medical,0.0177,no
LN-00366,77749,0.25,525,salaried,education,0.0213,no
LN-00367,85922,0.45,647,student,car,0.0063,no
LN-00368,166164,0.35,556,student,car,0.0192,no
LN-00369,89122,0.39,676,salaried,business,0.0075,no
LN-00370,174971,0.66,695,salaried,car,0.0257,no
LN-00371,102925,0.51,736,student,education,0.004,no
LN-00372,169572,0.49,538,student,education,0.004,no
LN-00373,99468,0.16,555,contract,education,0.0047,no
LN-00374,179852,0.39,577,contract,business,0.0228,no
LN-00375,24729,0.41,807,self_employed,home,0.0051,no
LN-00376,157122,0.19,652,student,car,0.9923,yes
LN-00377,171300,0.09,783,contract,medical,0.9774,yes
LN-00378,150328,0.57,811,self_employed,medical,0.0063,no
LN-00379,50004,0.28,607,self_employed,home,0.0225,no
LN-00380,101133,0.26,690,student,car,0.0202,no
LN-00381,37561,0.41,627,self_employed,medical,0.025,no
LN-00382,177459,0.64,648,contract,home,0.0167,no
LN-00383,154601,0.52,811,student,education,0.9933,yes
LN-00384,80111,0.32,539,contract,car,0.0224,no
LN-00385,161171,0.55,750,student,education,0.0123,no
LN-00386,115736,0.1,633,self_employed,business,0.0073,no
LN-00387,76463,0.14,645,student,business,0.0123,no
LN-00388,121457,0.47,815,self_employed,business,0.983,yes
LN-00389,115151,0.75,736,student,education,0.0197,no
LN-00390,118532,0.18,612,salaried,medical,0.0269,no
LN-00391,129426,0.33,794,contract,home,0.9883,yes
LN-00392,169048,0.07,620,student,home,0.0145,no
LN-00393,134930,0.11,784,student,medical,0.9834,yes
LN-00394,22267,0.14,669,salaried,business,0.0229,no
LN-00395,173142,0.19,582,student,medical,0.0061,no
LN-00396,91439,0.09,597,student,education,0.0122,no
LN-00397,45944,0.45,721,self_employed,home,0.0106,no
LN-00398,135926,0.39,669,salaried,car,0.0171,no
LN-00399,107781,0.74,580,salaried,car,0.0146,no
LN-00400,60668,0.53,550,contract,education,0.0172,no
LN-00401,88185,0.75,566,student,medical,0.0262,no
LN-00402,177770,0.55,554,self_employed,car,0.0218,no
LN-00403,45270,0.22,584,self_employed,home,0.0241,no
LN-00404,42176,0.51,814,contract,business,0.0078,no
LN-00405,118918,0.36,524,salaried,education,0.0085,no
LN-00406,100265,0.67,625,self_employed,business,0.0139,no
LN-00407,114503,0.51,798,salaried,home,0.9885,yes
LN-00408,32086,0.07,530,student,car,0.0149,no
LN-00409,173953,0.24,788,self_employed,business,0.9767,yes
LN-00410,130681,0.42,807,self_employed,home,0.0151,no
LN-00411,113975,0.58,623,student,home,0.0178,no
LN-00412,155877,0.67,659,salaried,medical,0.0121,no
LN-00413,82440,0.53,754,salaried,education,0.0047,no
LN-00414,46771,0.17,795,salaried,education,0.0179,no
LN-00415,26073,0.63,571,contract,medical,0.0259,no
LN-00416,22124,0.41,549,salaried,medical,0.0101,no
LN-00417,76777,0.35,777,salaried,car,0.0111,no
LN-00418,22762,0.09,687,contract,medical,0.0245,no
LN-00419,170002,0.17,657,student,business,0.0246,no
LN-00420,162693,0.19,755,salaried,education,0.9819,yes
LN-00421,145963,0.73,589,self_employed,car,0.0182,no
LN-00422,88891,0.55,791,contract,car,0.0182,no
LN-00423,57177,0.2,561,contract,home,0.0265,no
LN-00424,137618,0.65,654,contract,education,0.0041,no
LN-00425,122160,0.48,594,self_employed,car,0.0098,no
LN-00426,157425,0.55,695,student,medical,0.0218,no
LN-00427,86580,0.14,738,student,business,0.016,no
LN-00428,69621,0.33,569,student,education,0.0268,no
LN-00429,164214,0.09,558,salaried,home,0.0176,no
LN-00430,107225,0.16,521,self_employed,business,0.0084,no
LN-00431,61360,0.52,669,student,car,0.0069,no
LN-00432,52196,0.19,528,student,business,0.0212,no
LN-00433,59988,0.21,570,salaried,education,0.027,no
LN-00434,29624,0.36,806,salaried,education,0.0133,no
LN-00435,133630,0.64,569,self_employed,business,0.0217,no
LN-00436,177664,0.58,650,student,car,0.0038,no
LN-00437,44463,0.73,616,self_employed,medical,0.0048,no
LN-00438,175064,0.57,809,self_employed,car,0.989,yes
LN-00439,61036,0.69,650,student,home,0.0137,no
LN-00440,79470,0.18,711,self_employed,medical,0.0157,no
LN-00441,40185,0.13,750,salaried,home,0.9938,yes
LN-00442,178543,0.64,581,contract,education,0.021,no
LN-00443,55657,0.16,813,student,medical,0.0211,no
LN-00444,94311,0.69,578,student,education,0.0213,no
LN-00445,73168,0.28,801,self_employed,home,0.9822,yes
LN-00446,64503,0.35,654,salaried,home,0.0252,no
LN-00447,61760,0.22,583,contract,medical,0.003,no
LN-00448,128835,0.19,590,self_employed,car,0.0057,no
LN-00449,123577,0.33,608,student,education,0.0216,no
LN-00450,52666,0.57,732,salaried,home,0.0202,no
LN-00451,23768,0.43,585,contract,car,0.0073,no
LN-00452,56637,0.45,601,salaried,education,0.0096,no
LN-00453,157533,0.63,623,salaried,education,0.003,no
LN-00454,49088,0.53,586,salaried,business,0.0261,no
LN-00455,141702,0.19,724,salaried,business,0.0111,no
LN-00456,120270,0.51,709,contract,medical,0.0266,no
LN-00457,114383,0.3,811,salaried,medical,0.0264,no
LN-00458,96886,0.42,699,contract,medical,0.0105,no
LN-00459,104092,0.73,683,salaried,medical,0.0059,no
LN-00460,133412,0.53,703,student,home,0.0095,no
LN-00461,140530,0.44,585,self_employed,business,0.0077,no
LN-00462,142275,0.4,805,student,business,0.9872,yes
LN-00463,130336,0.35,702,salaried,home,0.0034,no
LN-00464,50596,0.5,655,student,education,0.0245,no
LN-00465,158799,0.26,797,self_employed,education,0.0137,no
LN-00466,120768,0.63,561,self_employed,education,0.0242,no
LN-00467,81599,0.62,621,student,car,0.0175,no
LN-00468,30471,0.54,549,contract,car,0.0225,no
LN-00469,29885,0.36,693,contract,home,0.0046,no
LN-00470,72718,0.18,676,salaried,home,0.0189,no
LN-00471,143813,0.57,749,contract,car,0.9868,yes
LN-00472,168705,0.18,575,student,medical,0.0081,no
LN-00473,44938,0.64,815,contract,medical,0.0046,no
LN-00474,58454,0.32,555,contract,business,0.0124,no
LN-00475,133537,0.25,573,student,car,0.0074,no
LN-00476,46639,0.49,584,salaried,car,0.0071,no
LN-00477,157321,0.18,665,salaried,home,0.0086,no
LN-00478,143249,0.62,524,student,medical,0.0235,no
LN-00479,145279,0.19,700,salaried,business,0.0235,no
LN-00480,25651,0.5,720,contract,education,0.0212,no
LN-00481,127374,0.11,687,self_employed,business,0.0097,no
LN-00482,101545,0.55,557,contract,home,0.0172,no
LN-00483,155302,0.51,818,student,business,0.9848,yes
LN-00484,166325,0.16,710,salaried,car,0.9877,yes
LN-00485,93312,0.35,565,self_employed,car,0.0211,no
LN-00486,31745,0.4,705,contract,business,0.0176,no
LN-00487,103223,0.67,581,salaried,car,0.0209,no
LN-00488,55313,0.51,592,student,home,0.0109,no
LN-00489,65846,0.14,521,student,home,0.0229,no
LN-00490,174061,0.22,722,salaried,education,0.9737,yes
LN-00491,74585,0.61,556,contract,education,0.0227,no
LN-00492,153608,0.44,558,salaried,education,0.0179,no
LN-00493,159062,0.75,732,student,business,0.0095,no
LN-00494,92989,0.59,647,student,medical,0.0044,no
LN-00495,59213,0.47,717,student,education,0.0084,no
LN-00496,133523,0.69,784,contract,home,0.006,no
LN-00497,42406,0.34,599,contract,business,0.0108,no
LN-00498,77030,0.21,680,student,education,0.0083,no
LN-00499,117038,0.67,800,contract,education,0.0044,no
LN-00500,30192,0.66,607,student,medical,0.0114,no
LN-00501,93078,0.71,780,self_employed,medical,0.0201,no
LN-00502,156275,0.22,541,student,education,0.0072,no
LN-00503,116170,0.58,568,contract,home,0.011,no
LN-00504,47752,0.73,818,student,home,0.0133,no
LN-00505,54672,0.21,732,self_employed,car,0.0152,no
LN-00506,22949,0.72,768,student,home,0.0158,no
LN-00507,173818,0.51,629,contract,education,0.0135,no
LN-00508,105902,0.52,570,salaried,business,0.0263,no
LN-00509,78454,0.35,799,contract,home,0.0106,no
LN-00510,173014,0.66,818,student,home,0.9956,yes
LN-00511,40784,0.24,708,student,business,0.0233,no
LN-00512,108990,0.36,526,student,car,0.013,no
LN-00513,99558,0.54,744,student,car,0.0104,no
LN-00514,46284,0.49,574,self_employed,medical,0.0126,no
LN-00515,56368,0.73,673,salaried,business,0.0043,no
LN-00516,31042,0.59,721,self_employed,home,0.0268,no
LN-00517,166135,0.12,755,contract,business,0.0135,no
LN-00518,43814,0.25,681,student,education,0.0208,no
LN-00519,74142,0.1,705,self_employed,home,0.0033,no
LN-00520,63559,0.58,658,self_employed,business,0.0226,no
LN-00521,179187,0.58,767,salaried,education,0.975,yes
LN-00522,159566,0.69,546,salaried,car,0.0188,no
LN-00523,86549,0.42,531,self_employed,business,0.0184,no
LN-00524,44451,0.44,796,student,business,0.0154,no
LN-00525,28964,0.49,701,contract,home,0.0115,no
LN-00526,144393,0.11,701,salaried,medical,0.9863,yes
LN-00527,52835,0.4,634,student,education,0.0073,no
LN-00528,153120,0.53,800,salaried,car,0.992,yes
LN-00529,137564,0.43,726,self_employed,medical,0.0205,no
LN-00530,115060,0.46,562,contract,business,0.0173,no
LN-00531,100094,0.16,648,student,medical,0.0243,no
LN-00532,176168,0.19,525,contract,education,0.0251,no
LN-00533,128159,0.11,650,salaried,home,0.9743,yes
LN-00534,36488,0.42,778,salaried,business,0.0264,no
LN-00535,144223,0.19,757,contract,home,0.0036,no
LN-00536,93175,0.42,610,salaried,car,0.0136,no
LN-00537,107031,0.59,712,salaried,home,0.0198,no
LN-00538,151600,0.2,754,salaried,car,0.9778,yes
LN-00539,132323,0.12,816,self_employed,medical,0.9927,yes
LN-00540,56606,0.61,629,salaried,car,0.0213,no
LN-00541,102029,0.48,817,contract,car,0.0187,no
LN-00542,156022,0.31,701,self_employed,education,0.0084,no
LN-00543,96061,0.63,751,salaried,home,0.012,no
LN-00544,35746,0.39,753,self_employed,business,0.0258,no
LN-00545,33315,0.08,525,salaried,medical,0.0113,no
LN-00546,67393,0.41,670,student,car,0.009,no
LN-00547,114428,0.65,543,contract,home,0.0184,no
LN-00548,117951,0.57,590,self_employed,medical,0.0184,no
LN-00549,45325,0.73,532,student,home,0.0245,no
LN-00550,67664,0.33,719,contract,education,0.0176,no
LN-00551,135022,0.47,810,salaried,home,0.0233,no
LN-00552,42779,0.74,534,contract,home,0.0162,no
LN-00553,74224,0.12,756,salaried,education,0.0211,no
LN-00554,112745,0.06,571,self_employed,home,0.0178,no
LN-00555,140691,0.19,675,salaried,home,0.0265,no
LN-00556,147056,0.27,650,salaried,business,0.0063,no
LN-00557,152033,0.5,532,salaried,car,0.0091,no
LN-00558,96907,0.66,799,student,car,0.0158,no
LN-00559,110791,0.68,711,self_employed,medical,0.0088,no
LN-00560,38089,0.44,595,self_employed,medical,0.0054,no
LN-00561,39377,0.74,605,salaried,medical,0.0125,no
LN-00562,177412,0.65,750,self_employed,medical,0.9907,yes
LN-00563,53828,0.44,624,self_employed,education,0.0048,no
LN-00564,52326,0.6,757,contract,education,0.01,no
LN-00565,93802,0.52,802,self_employed,medical,0.0226,no
LN-00566,43257,0.12,702,self_employed,business,0.0205,no
LN-00567,40382,0.06,754,salaried,medical,0.005,no
LN-00568,80311,0.62,814,self_employed,business,0.0192,no
LN-00569,126704,0.53,628,salaried,business,0.0075,no
LN-00570,138320,0.52,535,contract,medical,0.0236,no
LN-00571,150342,0.19,669,self_employed,medical,0.0182,no
LN-00572,95233,0.1,757,student,medical,0.9825,yes
LN-00573,61861,0.32,713,salaried,education,0.0047,no
LN-00574,103684,0.07,632,contract,car,0.0144,no
LN-00575,91233,0.4,616,self_employed,business,0.0109,no
LN-00576,154326,0.38,786,self_employed,car,0.0162,no
LN-00577,52754,0.7,728,student,education,0.0144,no
LN-00578,142609,0.1,788,student,home,0.0124,no
LN-00579,114497,0.53,581,contract,car,0.0154,no
LN-00580,163053,0.29,781,contract,education,0.9946,yes
LN-00581,87528,0.59,582,salaried,medical,0.0122,no
LN-00582,143751,0.13,694,student,home,0.006,no
LN-00583,30844,0.4,666,salaried,education,0.0149,no
LN-00584,156920,0.34,711,salaried,car,0.0237,no
LN-00585,130021,0.23,820,contract,education,0.0253,no
LN-00586,24339,0.73,654,student,business,0.0196,no
LN-00587,151685,0.44,542,student,medical,0.0138,no
LN-00588,177250,0.07,526,self_employed,medical,0.0095,no
LN-00589,93285,0.35,693,contract,education,0.0196,no
LN-00590,93505,0.39,611,contract,education,0.015,no
LN-00591,109123,0.52,553,self_employed,home,0.0087,no
LN-00592,126599,0.1,636,salaried,home,0.0176,no
LN-00593,96833,0.68,602,contract,business,0.0248,no
LN-00594,45666,0.3,570,contract,home,0.0194,no
LN-00595,62824,0.57,642,student,education,0.0187,no
LN-00596,67621,0.39,626,salaried,medical,0.0123,no
LN-00597,144863,0.5,734,contract,medical,0.0255,no
LN-00598,87792,0.34,591,contract,education,0.0194,no
LN-00599,36294,0.14,670,salaried,car,0.006,no
LN-00600,89285,0.32,693,salaried,education,0.0252,no
LN-00601,163335,0.23,536,salaried,home,0.0141,no
LN-00602,74545,0.16,559,self_employed,home,0.0163,no
LN-00603,160241,0.46,799,contract,car,0.9763,yes
LN-00604,132969,0.53,573,salaried,home,0.0209,no
LN-00605,94964,0.16,813,self_employed,medical,0.025,no
LN-00606,94813,0.44,774,salaried,business,0.013,no
LN-00607,138381,0.1,634,salaried,home,0.0258,no
LN-00608,41888,0.42,681,contract,business,0.0163,no
LN-00609,97381,0.32,541,self_employed,education,0.0174,no
LN-00610,66372,0.26,693,self_employed,education,0.0063,no
LN-00611,52139,0.26,765,salaried,business,0.0251,no
LN-00612,89370,0.56,532,contract,medical,0.0254,no
LN-00613,71394,0.71,695,student,education,0.026,no
LN-00614,66435,0.25,591,student,car,0.0052,no
LN-00615,172704,0.06,630,salaried,education,0.0249,no
LN-00616,76676,0.45,669,self_employed,business,0.0256,no
LN-00617,124341,0.45,557,contract,home,0.0245,no
LN-00618,75321,0.54,676,contract,car,0.0222,no
LN-00619,91077,0.4,803,salaried,home,0.9821,yes
LN-00620,172128,0.14,555,student,home,0.0214,no
LN-00621,149747,0.48,647,salaried,business,0.012,no
LN-00622,81965,0.41,783,student,business,0.0062,no
LN-00623,132625,0.06,725,self_employed,home,0.9859,yes
LN-00624,153167,0.2,541,salaried,home,0.0228,no
LN-00625,51727,0.18,813,student,medical,0.0083,no
LN-00626,32718,0.45,724,salaried,medical,0.0046,no
LN-00627,149131,0.21,579,student,medical,0.0121,no
LN-00628,162854,0.39,672,contract,medical,0.0224,no
LN-00629,177826,0.69,780,self_employed,education,0.9962,yes
LN-00630,50590,0.34,642,salaried,car,0.0249,no
LN-00631,143171,0.3,796,self_employed,car,0.9857,yes
LN-00632,134067,0.51,692,student,medical,0.0158,no
LN-00633,132658,0.1,661,student,home,0.0097,no
LN-00634,89031,0.68,810,student,home,0.0225,no
LN-00635,161539,0.7,566,self_employed,home,0.0169,no
LN-00636,114373,0.56,749,salaried,medical,0.0174,no
LN-00637,114054,0.06,760,contract,home,0.0209,no
LN-00638,39627,0.52,593,salaried,medical,0.0195,no
LN-00639,103224,0.17,545,self_employed,medical,0.0047,no
LN-00640,40017,0.34,616,contract,medical,0.026,no
LN-00641,102866,0.42,691,student,car,0.0099,no
LN-00642,66161,0.61,794,self_employed,medical,0.0148,no
LN-00643,23061,0.25,554,salaried,car,0.0164,no
LN-00644,149747,0.71,807,contract,car,0.9965,yes
LN-00645,113649,0.2,560,contract,home,0.0223,no
LN-00646,163412,0.58,789,self_employed,car,0.0057,no
LN-00647,74624,0.37,818,student,business,0.0111,no
LN-00648,153346,0.51,712,student,business,0.026,no
LN-00649,156172,0.34,684,student,education,0.0226,no
LN-00650,50811,0.09,703,contract,home,0.0112,no
LN-00651,144175,0.21,649,self_employed,home,0.0091,no
LN-00652,79053,0.12,734,salaried,medical,0.9777,yes
LN-00653,27859,0.5,785,salaried,business,0.0262,no
LN-00654,30019,0.07,622,salaried,car,0.0038,no
LN-00655,66272,0.38,712,contract,medical,0.0074,no
LN-00656,41308,0.07,625,student,education,0.0263,no
LN-00657,150539,0.63,662,salaried,business,0.0069,no
LN-00658,143614,0.73,530,salaried,medical,0.0159,no
LN-00659,57742,0.59,679,student,education,0.0128,no
LN-00660,169246,0.53,661,contract,home,0.0216,no
LN-00661,47461,0.68,788,student,home,0.0191,no
LN-00662,50620,0.12,557,salaried,home,0.0109,no
LN-00663,168623,0.5,527,salaried,education,0.0203,no
LN-00664,158449,0.12,779,contract,home,0.9885,yes
LN-00665,152213,0.34,755,student,car,0.0227,no
LN-00666,103722,0.33,659,salaried,education,0.0227,no
LN-00667,112525,0.16,749,salaried,home,0.007,no
LN-00668,34868,0.15,630,contract,home,0.0238,no
LN-00669,77344,0.1,740,self_employed,business,0.0177,no
LN-00670,121700,0.32,668,salaried,business,0.0196,no
LN-00671,70752,0.46,560,contract,car,0.0069,no
LN-00672,35597,0.61,741,contract,car,0.0197,no
LN-00673,115719,0.43,672,student,medical,0.0105,no
LN-00674,120233,0.53,663,contract,home,0.0039,no
LN-00675,106016,0.22,744,contract,business,0.0232,no
LN-00676,178468,0.43,571,contract,home,0.0131,no
LN-00677,97030,0.17,579,self_employed,medical,0.0057,no
LN-00678,174901,0.71,584,salaried,business,0.0094,no
LN-00679,136491,0.52,684,self_employed,medical,0.0049,no
LN-00680,47108,0.7,618,contract,car,0.0077,no
LN-00681,140799,0.36,708,student,education,0.0151,no
LN-00682,88083,0.67,548,self_employed,home,0.005,no
LN-00683,161013,0.32,647,self_employed,car,0.0257,no
LN-00684,38698,0.71,683,contract,medical,0.0037,no
LN-00685,123165,0.41,785,student,medical,0.9891,yes
LN-00686,152535,0.51,763,salaried,education,0.9744,yes
LN-00687,129077,0.63,538,student,business,0.0212,no
LN-00688,56946,0.26,520,salaried,home,0.0147,no
LN-00689,163800,0.05,533,contract,business,0.0176,no
LN-00690,57674,0.47,608,salaried,home,0.0164,no
LN-00691,26521,0.51,765,salaried,medical,0.0192,no
LN-00692,170201,0.24,751,salaried,car,0.9894,yes
LN-00693,158068,0.27,648,salaried,business,0.0114,no
LN-00694,117752,0.4,586,self_employed,education,0.0108,no
LN-00695,26018,0.43,634,student,car,0.0256,no
LN-00696,22232,0.46,781,student,medical,0.0085,no
LN-00697,58987,0.56,676,student,home,0.0214,no
LN-00698,178856,0.68,587,contract,education,0.0161,no
LN-00699,42242,0.59,790,student,medical,0.0258,no
LN-00700,127347,0.49,622,salaried,medical,0.0148,no
LN-00701,138925,0.26,706,self_employed,car,0.0253,no
LN-00702,159027,0.61,527,contract,medical,0.0055,no
LN-00703,105340,0.72,674,contract,car,0.0198,no
LN-00704,38941,0.27,800,salaried,medical,0.0206,no
LN-00705,29278,0.58,754,salaried,home,0.0168,no
LN-00706,122377,0.5,527,contract,home,0.0232,no
LN-00707,178451,0.13,630,contract,business,0.9812,yes
LN-00708,175063,0.32,535,salaried,home,0.0143,no
LN-00709,86707,0.68,576,self_employed,home,0.0177,no
LN-00710,80163,0.37,655,salaried,business,0.0253,no
LN-00711,123219,0.41,750,salaried,car,0.9915,yes
LN-00712,59084,0.39,696,salaried,home,0.0193,no
LN-00713,72646,0.67,584,salaried,medical,0.026,no
LN-00714,122864,0.54,774,student,car,0.0047,no
LN-00715,69046,0.48,680,salaried,home,0.0055,no
LN-00716,116705,0.69,768,student,business,0.0055,no
LN-00717,100855,0.6,585,contract,car,0.0058,no
LN-00718,108906,0.34,809,self_employed,education,0.9846,yes
LN-00719,155357,0.59,723,salaried,home,0.0128,no
LN-00720,24824,0.41,720,self_employed,education,0.0163,no
LN-00721,37120,0.47,810,student,business,0.0135,no
LN-00722,80769,0.29,545,self_employed,medical,0.0132,no
LN-00723,50771,0.26,671,student,education,0.0116,no
LN-00724,27789,0.32,713,self_employed,education,0.0139,no
LN-00725,33236,0.24,548,salaried,medical,0.0107,no
LN-00726,159028,0.65,674,salaried,home,0.0099,no
LN-00727,87457,0.64,609,contract,business,0.0074,no
LN-00728,148661,0.53,732,contract,education,0.9833,yes
LN-00729,55689,0.42,572,self_employed,business,0.0186,no
LN-00730,54963,0.3,810,salaried,medical,0.9737,yes
LN-00731,34061,0.11,704,contract,home,0.0227,no
LN-00732,121741,0.65,528,student,car,0.0261,no
LN-00733,176807,0.62,641,self_employed,education,0.0162,no
LN-00734,34307,0.4,625,self_employed,education,0.0246,no
LN-00735,116270,0.46,581,self_employed,education,0.0103,no
LN-00736,43864,0.74,784,salaried,education,0.0153,no
LN-00737,84967,0.22,650,self_employed,car,0.0075,no
LN-00738,133980,0.67,552,contract,medical,0.0094,no
LN-00739,128342,0.18,629,contract,car,0.0239,no
LN-00740,177645,0.1,579,self_employed,education,0.0209,no
LN-00741,116287,0.68,749,contract,education,0.0148,no
LN-00742,159910,0.46,793,self_employed,medical,0.0059,no
LN-00743,174379,0.41,756,student,business,0.0128,no
LN-00744,130212,0.61,764,salaried,medical,0.012,no
LN-00745,168871,0.52,736,contract,home,0.9875,yes
LN-00746,146539,0.47,727,salaried,home,0.0242,no
LN-00747,50442,0.73,539,self_employed,business,0.0153,no
LN-00748,58384,0.29,718,self_employed,car,0.0141,no
LN-00749,119754,0.27,730,contract,business,0.0204,no
LN-00750,43655,0.62,543,salaried,car,0.0115,no
LN-00751,124495,0.48,615,self_employed,education,0.0177,no
LN-00752,170770,0.74,546,student,business,0.0153,no
LN-00753,59804,0.36,722,self_employed,medical,0.0144,no
LN-00754,107839,0.26,783,contract,education,0.9748,yes
LN-00755,22198,0.54,627,self_employed,medical,0.0036,no
LN-00756,79883,0.42,632,salaried,home,0.0224,no
LN-00757,53480,0.37,778,self_employed,car,0.0043,no
LN-00758,50772,0.17,742,contract,education,0.0142,no
LN-00759,160736,0.16,624,contract,education,0.0143,no
LN-00760,88381,0.38,731,self_employed,home,0.0235,no
LN-00761,112723,0.49,708,salaried,home,0.023,no
LN-00762,87212,0.4,683,student,medical,0.0065,no
LN-00763,122755,0.53,635,salaried,medical,0.0253,no
LN-00764,81041,0.15,673,student,education,0.0193,no
LN-00765,53037,0.09,808,salaried,medical,0.0069,no
LN-00766,50727,0.13,566,contract,business,0.0131,no
LN-00767,41767,0.33,712,student,car,0.017,no
LN-00768,115259,0.4,579,salaried,home,0.0032,no
LN-00769,89168,0.74,621,contract,education,0.0078,no
LN-00770,42498,0.51,764,self_employed,education,0.0218,no
LN-00771,50819,0.63,700,student,education,0.0111,no
LN-00772,31435,0.42,590,self_employed,education,0.0239,no
LN-00773,60857,0.54,656,contract,education,0.0201,no
LN-00774,143606,0.13,803,self_employed,medical,0.9966,yes
LN-00775,117029,0.18,524,contract,business,0.0041,no
LN-00776,164880,0.38,676,contract,education,0.014,no
LN-00777,148621,0.14,607,student,education,0.0126,no
LN-00778,113574,0.36,575,salaried,medical,0.0173,no
LN-00779,74321,0.68,773,student,education,0.0169,no
LN-00780,162483,0.17,707,salaried,home,0.9758,yes
LN-00781,117368,0.42,715,self_employed,home,0.0103,no
LN-00782,144828,0.55,739,salaried,car,0.005,no
LN-00783,35525,0.58,708,self_employed,business,0.0246,no
LN-00784,80348,0.64,801,self_employed,business,0.0254,no
LN-00785,156830,0.54,653,self_employed,education,0.0053,no
LN-00786,43601,0.48,671,salaried,business,0.0187,no
LN-00787,31894,0.69,531,self_employed,medical,0.0212,no
LN-00788,100713,0.61,732,contract,education,0.0148,no
LN-00789,48556,0.73,808,student,home,0.026,no
LN-00790,24381,0.12,587,salaried,business,0.0103,no
LN-00791,135067,0.21,738,self_employed,medical,0.9936,yes
LN-00792,48542,0.68,595,self_employed,car,0.0153,no
LN-00793,27267,0.49,820,salaried,home,0.0215,no
LN-00794,114796,0.34,665,salaried,business,0.0228,no
LN-00795,103767,0.47,717,student,business,0.0214,no
LN-00796,34319,0.18,706,student,home,0.0269,no
LN-00797,124474,0.44,647,student,education,0.0124,no
LN-00798,139438,0.7,602,student,home,0.02,no
LN-00799,72506,0.11,626,student,business,0.0192,no
LN-00800,168277,0.4,549,student,home,0.0052,no
LN-00801,43679,0.19,757,salaried,medical,0.0151,no
LN-00802,114247,0.58,676,salaried,education,0.0052,no
LN-00803,52814,0.6,721,student,home,0.0048,no
LN-00804,50817,0.58,588,salaried,medical,0.0077,no
LN-00805,59116,0.61,627,self_employed,car,0.0031,no
LN-00806,155858,0.73,528,self_employed,car,0.006,no
LN-00807,92180,0.22,747,contract,education,0.0185,no
LN-00808,169115,0.2,604,salaried,business,0.0067,no
LN-00809,97707,0.56,611,self_employed,home,0.0244,no
LN-00810,78651,0.54,586,student,car,0.0201,no
LN-00811,135292,0.41,739,salaried,business,0.0147,no
LN-00812,125845,0.18,707,contract,education,0.0255,no
LN-00813,43306,0.14,638,student,home,0.0225,no
LN-00814,177567,0.05,671,contract,education,0.9754,yes
LN-00815,32986,0.71,626,student,medical,0.0214,no
LN-00816,68642,0.11,571,salaried,education,0.0258,no
LN-00817,161541,0.49,609,student,car,0.0129,no
LN-00818,156089,0.46,575,contract,car,0.0189,no
LN-00819,179956,0.27,814,student,car,0.9774,yes
LN-00820,59848,0.7,571,self_employed,home,0.0244,no
LN-00821,127529,0.36,724,contract,business,0.9828,yes
LN-00822,179694,0.62,524,student,education,0.0201,no
LN-00823,118876,0.05,665,salaried,home,0.0152,no
LN-00824,62833,0.72,645,contract,medical,0.0066,no
LN-00825,167701,0.69,569,self_employed,medical,0.0223,no
LN-00826,30543,0.34,795,contract,education,0.0209,no
LN-00827,158685,0.74,801,salaried,education,0.0063,no
LN-00828,43635,0.49,762,contract,education,0.0247,no
LN-00829,150930,0.68,660,student,home,0.0174,no
LN-00830,155675,0.26,548,salaried,business,0.0215,no
LN-00831,28384,0.49,629,salaried,business,0.0083,no
LN-00832,37636,0.07,664,contract,education,0.0235,no
LN-00833,178134,0.72,760,student,business,0.9835,yes
LN-00834,124265,0.48,576,student,education,0.0066,no
LN-00835,113337,0.22,561,student,car,0.0227,no
LN-00836,77509,0.18,789,student,medical,0.0239,no
LN-00837,100072,0.65,642,student,home,0.0228,no
LN-00838,155372,0.58,819,salaried,business,0.0136,no
LN-00839,57002,0.66,564,self_employed,education,0.0178,no
LN-00840,113062,0.53,565,salaried,education,0.0045,no
LN-00841,93999,0.66,706,salaried,business,0.018,no
LN-00842,167114,0.09,716,student,car,0.0153,no
LN-00843,118791,0.32,703,salaried,medical,0.9892,yes
LN-00844,91262,0.48,663,student,medical,0.0258,no
LN-00845,34956,0.71,797,student,education,0.0264,no
LN-00846,60670,0.68,720,salaried,business,0.0149,no
LN-00847,25496,0.45,547,contract,home,0.0066,no
LN-00848,175661,0.16,635,student,home,0.0187,no
LN-00849,161486,0.44,780,contract,home,0.9864,yes
LN-00850,37858,0.21,654,contract,medical,0.0041,no
LN-00851,105440,0.18,689,contract,medical,0.0032,no
LN-00852,125812,0.57,787,student,medical,0.012,no
LN-00853,68762,0.39,551,self_employed,car,0.0248,no
LN-00854,96404,0.75,735,student,education,0.0121,no
LN-00855,79703,0.34,645,contract,education,0.019,no
LN-00856,104552,0.31,574,contract,car,0.0235,no
LN-00857,103276,0.12,579,contract,home,0.0046,no
LN-00858,86579,0.63,663,contract,business,0.0254,no
LN-00859,113558,0.58,627,self_employed,car,0.0243,no
LN-00860,120651,0.49,637,self_employed,medical,0.0261,no
LN-00861,151573,0.14,523,student,education,0.0153,no
LN-00862,159487,0.06,643,contract,education,0.0258,no
LN-00863,68983,0.27,539,self_employed,education,0.0058,no
LN-00864,56692,0.29,731,salaried,education,0.0113,no
LN-00865,158845,0.74,686,salaried,home,0.0139,no
LN-00866,137896,0.63,650,self_employed,medical,0.0123,no
LN-00867,98013,0.26,819,salaried,home,0.9884,yes
LN-00868,44246,0.73,691,student,business,0.0086,no
LN-00869,169888,0.6,662,salaried,car,0.014,no
LN-00870,135161,0.54,751,contract,home,0.0105,no
LN-00871,136337,0.5,539,student,business,0.0094,no
LN-00872,57142,0.62,714,salaried,education,0.0077,no
LN-00873,167763,0.29,601,self_employed,education,0.0077,no
LN-00874,167379,0.2,811,contract,business,0.9776,yes
LN-00875,123778,0.35,651,contract,home,0.0036,no
LN-00876,84966,0.3,625,self_employed,education,0.0068,no
LN-00877,99972,0.38,724,contract,medical,0.0132,no
LN-00878,124257,0.35,781,self_employed,education,0.9897,yes
LN-00879,80856,0.75,549,contract,business,0.0257,no
LN-00880,78084,0.1,569,self_employed,education,0.0269,no
LN-00881,118177,0.34,533,salaried,education,0.0169,no
LN-00882,100422,0.42,544,student,medical,0.0035,no
LN-00883,47111,0.4,544,contract,business,0.0236,no
LN-00884,97997,0.39,600,salaried,car,0.0049,no
LN-00885,41941,0.54,777,contract,medical,0.0249,no
LN-00886,49834,0.25,707,student,education,0.011,no
LN-00887,160108,0.25,769,salaried,education,0.9847,yes
LN-00888,62889,0.18,802,contract,business,0.9933,yes
LN-00889,98225,0.69,741,student,car,0.0189,no
LN-00890,170022,0.31,819,contract,home,0.9798,yes
LN-00891,101932,0.45,764,salaried,medical,0.9839,yes
LN-00892,95080,0.25,777,student,business,0.9745,yes
LN-00893,41565,0.11,785,student,home,0.0259,no
LN-00894,91752,0.64,685,salaried,medical,0.0071,no
LN-00895,165768,0.3,723,student,car,0.006,no
LN-00896,159557,0.38,606,contract,home,0.0154,no
LN-00897,68078,0.21,787,student,car,0.0237,no
LN-00898,122811,0.7,604,contract,business,0.0104,no
LN-00899,161393,0.38,704,student,education,0.0122,no
LN-00900,141647,0.23,626,self_employed,home,0.0192,no
LN-00901,55965,0.23,571,self_employed,education,0.0034,no
LN-00902,91663,0.47,654,contract,education,0.023,no
LN-00903,107030,0.65,802,salaried,business,0.9936,yes
LN-00904,153003,0.5,608,contract,business,0.0225,no
LN-00905,103444,0.51,691,salaried,business,0.0268,no
LN-00906,178119,0.48,777,salaried,education,0.9913,yes
LN-00907,148558,0.32,587,salaried,education,0.0158,no
LN-00908,63921,0.38,689,student,education,0.0046,no
LN-00909,91758,0.17,622,student,education,0.0251,no
LN-00910,104604,0.07,622,salaried,education,0.0266,no
LN-00911,28634,0.74,604,contract,home,0.0106,no
LN-00912,25684,0.15,801,student,business,0.0167,no
LN-00913,107438,0.58,630,contract,education,0.0152,no
LN-00914,177864,0.65,700,self_employed,education,0.9754,yes
LN-00915,61869,0.67,663,salaried,medical,0.0052,no
LN-00916,42286,0.45,686,self_employed,home,0.0149,no
LN-00917,178972,0.52,563,salaried,car,0.0149,no
LN-00918,102972,0.46,691,student,education,0.0228,no
LN-00919,31251,0.28,638,self_employed,home,0.0141,no
LN-00920,163659,0.18,557,student,home,0.0169,no
LN-00921,104124,0.19,571,student,business,0.0111,no
LN-00922,124886,0.17,735,self_employed,medical,0.0071,no
LN-00923,80208,0.48,688,student,education,0.0247,no
LN-00924,107461,0.19,710,contract,education,0.0046,no
LN-00925,164006,0.16,741,salaried,business,0.987,yes
LN-00926,162737,0.74,536,salaried,car,0.0079,no
LN-00927,93958,0.38,663,contract,car,0.0138,no
LN-00928,88183,0.17,703,salaried,car,0.005,no
LN-00929,98617,0.11,597,self_employed,business,0.0137,no
LN-00930,108660,0.55,757,contract,business,0.0247,no
LN-00931,52286,0.56,617,student,education,0.0219,no
LN-00932,164254,0.38,666,salaried,car,0.0251,no
LN-00933,42665,0.65,566,salaried,car,0.0141,no
LN-00934,38283,0.05,720,student,business,0.0109,no
LN-00935,76041,0.57,631,student,car,0.0148,no
LN-00936,63158,0.1,613,student,business,0.0252,no
LN-00937,113232,0.61,526,contract,education,0.0123,no
LN-00938,110299,0.16,806,salaried,car,0.9833,yes
LN-00939,50130,0.65,609,contract,home,0.0213,no
LN-00940,48526,0.44,675,contract,car,0.0176,no
LN-00941,80838,0.19,792,contract,medical,0.981,yes
LN-00942,114291,0.14,545,contract,medical,0.01,no
LN-00943,73011,0.53,749,student,medical,0.0165,no
LN-00944,115922,0.34,584,student,car,0.0167,no
LN-00945,24214,0.67,711,student,car,0.0096,no
LN-00946,65502,0.72,668,salaried,medical,0.0191,no
LN-00947,82031,0.64,629,salaried,education,0.0259,no
LN-00948,56755,0.69,730,self_employed,medical,0.0127,no
LN-00949,69316,0.49,673,contract,medical,0.0232,no
LN-00950,144820,0.62,648,contract,car,0.0103,no
LN-00951,158813,0.55,776,student,car,0.0195,no
LN-00952,130339,0.48,776,salaried,medical,0.0143,no
LN-00953,159809,0.33,675,self_employed,business,0.9896,yes
LN-00954,142678,0.36,549,contract,medical,0.0251,no
LN-00955,133727,0.67,543,salaried,car,0.0093,no
LN-00956,115410,0.08,555,salaried,business,0.0228,no
LN-00957,119858,0.6,796,contract,education,0.0186,no
LN-00958,46370,0.55,537,student,home,0.0212,no
LN-00959,158853,0.45,629,salaried,medical,0.0168,no
LN-00960,148413,0.71,769,student,education,0.0267,no
LN-00961,136291,0.64,567,self_employed,car,0.0072,no
LN-00962,98729,0.2,588,student,medical,0.0169,no
LN-00963,130159,0.58,631,contract,medical,0.015,no
LN-00964,100159,0.57,680,student,education,0.0253,no
LN-00965,61792,0.19,814,contract,home,0.9814,yes
LN-00966,57680,0.26,586,contract,education,0.0163,no
LN-00967,71051,0.1,601,salaried,car,0.0262,no
LN-00968,85704,0.11,555,contract,car,0.019,no
LN-00969,141743,0.06,610,self_employed,medical,0.0031,no
LN-00970,143210,0.2,561,salaried,business,0.0159,no
LN-00971,93091,0.16,597,contract,car,0.019,no
LN-00972,81019,0.7,800,self_employed,medical,0.0105,no
LN-00973,71458,0.11,644,salaried,home,0.0101,no
LN-00974,89867,0.06,647,self_employed,education,0.0051,no
LN-00975,123030,0.61,752,student,medical,0.0235,no
LN-00976,127551,0.41,724,self_employed,education,0.0243,no
LN-00977,40538,0.26,727,contract,car,0.0061,no
LN-00978,122126,0.25,601,contract,home,0.0121,no
LN-00979,111693,0.44,536,student,business,0.0039,no
LN-00980,148318,0.14,579,contract,car,0.0058,no
LN-00981,67876,0.29,738,salaried,medical,0.0117,no
LN-00982,116545,0.36,664,self_employed,home,0.0105,no
LN-00983,29561,0.68,698,self_employed,car,0.0233,no
LN-00984,171181,0.64,540,salaried,home,0.0079,no
LN-00985,55152,0.66,765,contract,business,0.0228,no
LN-00986,27752,0.33,737,contract,home,0.0057,no
LN-00987,118026,0.26,743,contract,car,0.0055,no
LN-00988,77917,0.39,640,salaried,medical,0.0098,no
LN-00989,160727,0.36,525,student,home,0.013,no
LN-00990,173108,0.44,750,salaried,medical,0.0107,no
LN-00991,150545,0.58,788,student,business,0.9749,yes
LN-00992,114912,0.11,795,salaried,home,0.976,yes
LN-00993,39922,0.32,652,salaried,car,0.015,no
LN-00994,33873,0.64,742,student,car,0.0035,no
LN-00995,131888,0.09,716,self_employed,home,0.9842,yes
LN-00996,54876,0.35,725,student,car,0.0086,no
LN-00997,126160,0.56,590,contract,business,0.0151,no
LN-00998,95290,0.28,600,salaried,medical,0.0122,no
LN-00999,41273,0.17,650,self_employed,medical,0.007,no
LN-01000,111199,0.72,767,student,car,0.0153,no
LN-01001,66590,0.6,566,salaried,medical,0.0092,no
LN-01002,45212,0.13,602,contract,car,0.0105,no
LN-01003,32321,0.15,595,self_employed,medical,0.0221,no
LN-01004,130865,0.08,547,student,home,0.0192,no
LN-01005,129242,0.53,568,self_employed,medical,0.008,no
LN-01006,173731,0.16,557,salaried,education,0.0096,no
LN-01007,115328,0.3,749,contract,home,0.0035,no
LN-01008,36470,0.67,571,contract,education,0.0251,no
LN-01009,111348,0.41,703,student,education,0.0087,no
LN-01010,178640,0.42,718,contract,business,0.018,no
LN-01011,81800,0.11,684,self_employed,business,0.0116,no
LN-01012,174389,0.27,525,contract,business,0.0042,no
LN-01013,89983,0.6,762,contract,car,0.0059,no
LN-01014,148484,0.56,707,self_employed,home,0.0247,no
LN-01015,83880,0.52,714,student,car,0.0232,no
LN-01016,126064,0.09,575,student,business,0.0245,no
LN-01017,160221,0.54,653,student,education,0.023,no
LN-01018,61912,0.42,595,contract,business,0.0031,no
LN-01019,47343,0.38,698,salaried,car,0.005,no
LN-01020,125530,0.47,769,student,business,0.0117,no
LN-01021,175814,0.18,526,student,car,0.0226,no
LN-01022,134825,0.74,580,student,education,0.0069,no
LN-01023,160274,0.2,731,salaried,home,0.979,yes
LN-01024,144782,0.39,667,student,home,0.0224,no
LN-01025,105928,0.43,582,self_employed,car,0.0232,no
LN-01026,33025,0.67,700,self_employed,education,0.024,no
LN-01027,93430,0.55,772,contract,car,0.0157,no
LN-01028,71900,0.64,746,contract,home,0.019,no
LN-01029,146474,0.19,566,student,education,0.0144,no
LN-01030,115359,0.64,605,salaried,business,0.008,no
LN-01031,177939,0.45,796,contract,car,0.0098,no
LN-01032,32655,0.11,708,self_employed,education,0.0066,no
LN-01033,127866,0.13,535,self_employed,education,0.0155,no
LN-01034,69722,0.26,566,self_employed,home,0.0254,no
LN-01035,157940,0.68,579,student,medical,0.0065,no
LN-01036,159165,0.44,764,student,medical,0.0135,no
LN-01037,65986,0.13,711,self_employed,business,0.0258,no
LN-01038,38194,0.68,805,contract,business,0.0088,no
LN-01039,137083,0.51,734,salaried,medical,0.0102,no
LN-01040,117134,0.35,699,contract,medical,0.007,no
LN-01041,122913,0.25,570,student,home,0.0224,no
LN-01042,76873,0.5,558,contract,home,0.0217,no
LN-01043,150500,0.61,777,self_employed,business,0.9933,yes
LN-01044,146532,0.1,559,student,education,0.0081,no
LN-01045,165415,0.59,671,contract,home,0.0247,no
LN-01046,135379,0.73,815,contract,car,0.0237,no
LN-01047,34867,0.5,617,self_employed,medical,0.0136,no
LN-01048,75859,0.19,755,salaried,business,0.0053,no
LN-01049,132032,0.46,766,student,home,0.0113,no
LN-01050,84352,0.36,800,salaried,education,0.9934,yes
LN-01051,58934,0.55,551,self_employed,business,0.0055,no
LN-01052,50020,0.27,588,contract,business,0.0233,no
LN-01053,77936,0.31,675,salaried,medical,0.0138,no
LN-01054,97006,0.43,782,salaried,education,0.0168,no
LN-01055,176625,0.37,624,student,medical,0.0095,no
LN-01056,150539,0.4,630,student,car,0.0195,no
LN-01057,65415,0.27,697,student,medical,0.0148,no
LN-01058,165693,0.13,741,student,home,0.0202,no
LN-01059,27497,0.75,668,contract,car,0.0038,no
LN-01060,95761,0.46,607,salaried,car,0.0131,no
LN-01061,152226,0.16,653,self_employed,business,0.0038,no
LN-01062,56519,0.51,673,self_employed,home,0.0182,no
LN-01063,29272,0.22,560,student,education,0.0162,no
LN-01064,120028,0.61,531,contract,car,0.0269,no
LN-01065,80432,0.66,766,contract,home,0.0114,no
LN-01066,127354,0.53,718,student,education,0.0216,no
LN-01067,95156,0.34,555,self_employed,education,0.02,no
LN-01068,142056,0.36,793,self_employed,business,0.9857,yes
LN-01069,92560,0.75,642,salaried,business,0.0266,no
LN-01070,80347,0.26,700,student,car,0.0199,no
LN-01071,30377,0.29,612,contract,medical,0.0079,no
LN-01072,88859,0.49,701,self_employed,car,0.0096,no
LN-01073,50329,0.52,803,contract,medical,0.0081,no
LN-01074,174055,0.6,610,student,home,0.0212,no
LN-01075,145041,0.52,565,self_employed,medical,0.0185,no
LN-01076,97958,0.35,720,contract,car,0.0066,no
LN-01077,143060,0.7,671,contract,business,0.0158,no
LN-01078,58455,0.39,801,contract,car,0.0072,no
LN-01079,92570,0.72,725,self_employed,car,0.0178,no
LN-01080,55900,0.13,739,self_employed,home,0.0081,no
LN-01081,89810,0.35,668,student,car,0.0141,no
LN-01082,108113,0.55,527,student,car,0.0092,no
LN-01083,48093,0.36,682,student,medical,0.0215,no
LN-01084,111404,0.64,603,salaried,medical,0.027,no
LN-01085,138393,0.45,694,student,car,0.0061,no
LN-01086,132969,0.3,662,student,education,0.0106,no
LN-01087,158651,0.67,750,student,education,0.0188,no
LN-01088,85490,0.71,553,student,home,0.0252,no
LN-01089,122848,0.21,576,contract,medical,0.0219,no
LN-01090,116905,0.29,760,self_employed,home,0.0232,no
LN-01091,98319,0.65,708,student,car,0.0233,no
LN-01092,41048,0.1,590,self_employed,home,0.0114,no
LN-01093,39261,0.62,647,self_employed,business,0.0243,no
LN-01094,89310,0.72,542,contract,education,0.0225,no
LN-01095,47141,0.54,781,self_employed,home,0.0036,no
LN-01096,69873,0.27,776,salaried,business,0.0222,no
LN-01097,120693,0.1,764,contract,business,0.0254,no
LN-01098,41087,0.68,534,salaried,education,0.0153,no
LN-01099,105747,0.63,800,salaried,home,0.0214,no
LN-01100,120753,0.61,748,contract,medical,0.0226,no
LN-01101,170138,0.51,783,contract,business,0.996,yes
LN-01102,80790,0.29,712,contract,business,0.0054,no
LN-01103,52995,0.52,760,self_employed,education,0.0104,no
LN-01104,56548,0.33,801,salaried,medical,0.9785,yes
LN-01105,109354,0.29,532,salaried,car,0.0269,no
LN-01106,84670,0.71,793,student,business,0.0214,no
LN-01107,169468,0.64,818,self_employed,medical,0.9824,yes
LN-01108,141117,0.3,609,contract,business,0.0114,no
LN-01109,176838,0.53,520,self_employed,car,0.0262,no
LN-01110,41589,0.29,670,contract,business,0.0175,no
LN-01111,107744,0.05,754,student,car,0.0114,no
LN-01112,80210,0.68,727,contract,medical,0.0219,no
LN-01113,42075,0.22,520,self_employed,car,0.0171,no
LN-01114,136363,0.28,569,salaried,home,0.0211,no
LN-01115,61199,0.57,632,student,car,0.0077,no
LN-01116,109669,0.42,698,self_employed,education,0.004,no
LN-01117,123657,0.67,580,contract,education,0.0172,no
LN-01118,90350,0.52,620,self_employed,business,0.0177,no
LN-01119,137754,0.34,558,salaried,home,0.0135,no
LN-01120,97187,0.37,570,student,business,0.0059,no
LN-01121,104238,0.35,668,contract,home,0.0256,no
LN-01122,152469,0.21,763,contract,business,0.0215,no
LN-01123,166776,0.41,795,contract,car,0.9792,yes
LN-01124,95422,0.32,714,contract,business,0.0249,no
LN-01125,111146,0.12,560,student,car,0.0127,no
LN-01126,93195,0.29,534,salaried,education,0.0094,no
LN-01127,91452,0.62,733,contract,business,0.0034,no
LN-01128,128558,0.09,724,salaried,business,0.9764,yes
LN-01129,29627,0.65,664,contract,business,0.014,no
LN-01130,125815,0.32,706,self_employed,home,0.0135,no
LN-01131,134995,0.13,715,salaried,home,0.9774,yes
LN-01132,118890,0.38,785,self_employed,home,0.9958,yes
LN-01133,177990,0.31,712,contract,education,0.9857,yes
LN-01134,176900,0.4,735,student,medical,0.9918,yes
LN-01135,169106,0.28,698,student,medical,0.0144,no
LN-01136,90552,0.15,630,contract,home,0.0091,no
LN-01137,40871,0.13,636,contract,home,0.0202,no
LN-01138,116833,0.17,808,self_employed,education,0.0079,no
LN-01139,149102,0.74,541,self_employed,car,0.016,no
LN-01140,69754,0.48,672,contract,home,0.0253,no
LN-01141,156616,0.4,671,salaried,home,0.0042,no
LN-01142,98000,0.49,572,self_employed,business,0.0122,no
LN-01143,124113,0.33,638,salaried,medical,0.0136,no
LN-01144,93793,0.49,671,contract,education,0.0081,no
LN-01145,106241,0.74,532,salaried,car,0.0252,no
LN-01146,69941,0.39,682,self_employed,medical,0.0174,no
LN-01147,131873,0.13,761,salaried,car,0.9736,yes
LN-01148,45014,0.57,655,student,home,0.008,no
LN-01149,96498,0.43,815,student,business,0.0153,no
LN-01150,165287,0.73,649,student,home,0.0042,no
LN-01151,87938,0.64,679,salaried,home,0.0193,no
LN-01152,138142,0.27,634,student,education,0.0247,no
LN-01153,76009,0.63,563,student,education,0.0139,no
LN-01154,150916,0.1,661,contract,car,0.0233,no
LN-01155,37340,0.33,676,student,car,0.0176,no
LN-01156,107113,0.42,595,contract,medical,0.0198,no
LN-01157,108686,0.52,563,contract,business,0.0038,no
LN-01158,149953,0.23,538,self_employed,business,0.0203,no
LN-01159,168444,0.55,728,contract,medical,0.9782,yes
LN-01160,34535,0.07,812,contract,car,0.0241,no
LN-01161,89042,0.08,579,self_employed,medical,0.0106,no
LN-01162,103819,0.34,555,self_employed,education,0.0221,no
LN-01163,39087,0.69,644,salaried,medical,0.0069,no
LN-01164,80996,0.42,701,salaried,business,0.0236,no
LN-01165,27536,0.15,726,student,business,0.0151,no
LN-01166,120735,0.36,577,student,medical,0.0057,no
LN-01167,106559,0.08,599,salaried,home,0.0249,no
LN-01168,84337,0.62,678,student,home,0.0153,no
LN-01169,179635,0.6,545,student,car,0.0074,no
LN-01170,152473,0.71,575,salaried,medical,0.0147,no
LN-01171,152855,0.19,739,student,home,0.996,yes
LN-01172,82998,0.09,625,student,business,0.0269,no
LN-01173,157520,0.36,818,student,home,0.9732,yes
LN-01174,171379,0.39,627,contract,medical,0.0031,no
LN-01175,135900,0.62,612,contract,business,0.0194,no
LN-01176,124303,0.18,797,contract,business,0.9917,yes
LN-01177,178326,0.33,774,salaried,home,0.9896,yes
LN-01178,144029,0.09,802,self_employed,home,0.9783,yes
LN-01179,77866,0.21,553,contract,business,0.022,no
LN-01180,50684,0.27,574,self_employed,medical,0.0038,no
LN-01181,123543,0.63,675,student,medical,0.0135,no
LN-01182,79426,0.55,566,self_employed,business,0.0261,no
LN-01183,66006,0.53,638,student,business,0.0238,no
LN-01184,103278,0.11,596,contract,medical,0.0064,no
LN-01185,74631,0.33,586,self_employed,business,0.0042,no
LN-01186,99881,0.05,781,contract,education,0.0116,no
LN-01187,104424,0.17,538,contract,education,0.0098,no
LN-01188,53844,0.1,732,student,education,0.0072,no
LN-01189,64186,0.67,570,salaried,education,0.0064,no
LN-01190,70425,0.23,770,student,business,0.0227,no
LN-01191,24152,0.3,736,student,education,0.0197,no
LN-01192,163244,0.07,625,contract,home,0.0175,no
LN-01193,176895,0.73,652,self_employed,medical,0.0187,no
LN-01194,109325,0.28,691,contract,business,0.0149,no
LN-01195,133890,0.38,800,student,car,0.009,no
LN-01196,66499,0.74,526,student,education,0.011,no
LN-01197,61964,0.26,669,salaried,medical,0.026,no
LN-01198,170636,0.35,802,self_employed,car,0.9736,yes
LN-01199,70818,0.34,636,student,business,0.009,no
LN-01200,114311,0.5,815,self_employed,medical,0.9751,yes
LN-01201,57185,0.69,760,contract,education,0.0179,no
LN-01202,46331,0.34,536,salaried,home,0.0119,no
LN-01203,154370,0.28,533,contract,car,0.0128,no
LN-01204,128852,0.55,817,contract,car,0.9794,yes
LN-01205,177455,0.54,759,contract,education,0.9856,yes
LN-01206,151281,0.33,594,salaried,business,0.0063,no
LN-01207,59209,0.42,573,salaried,car,0.0263,no
LN-01208,134664,0.3,778,self_employed,business,0.0253,no
LN-01209,163547,0.13,793,student,education,0.013,no
LN-01210,88679,0.7,637,student,business,0.0246,no
LN-01211,69498,0.42,817,student,car,0.0101,no
LN-01212,92219,0.09,652,self_employed,medical,0.0115,no
LN-01213,96386,0.66,742,student,business,0.0156,no
LN-01214,166670,0.27,669,self_employed,education,0.0042,no
LN-01215,128704,0.4,615,student,home,0.0205,no
LN-01216,131366,0.37,756,student,business,0.0053,no
LN-01217,93671,0.51,597,student,business,0.018,no
LN-01218,93338,0.3,544,self_employed,home,0.0251,no
LN-01219,22481,0.54,546,contract,home,0.0145,no
LN-01220,49985,0.34,535,self_employed,medical,0.0243,no
LN-01221,66633,0.65,621,salaried,education,0.0198,no
LN-01222,106598,0.07,552,salaried,medical,0.0092,no
LN-01223,44576,0.51,802,student,business,0.0184,no
LN-01224,82245,0.68,545,student,car,0.0211,no
LN-01225,178967,0.49,563,self_employed,car,0.0138,no
LN-01226,159021,0.4,785,student,business,0.0125,no
LN-01227,49732,0.42,751,student,business,0.0209,no
LN-01228,121736,0.3,602,contract,car,0.0237,no
LN-01229,163621,0.51,529,self_employed,education,0.0251,no
LN-01230,69044,0.17,714,student,business,0.0206,no
LN-01231,143681,0.39,784,self_employed,car,0.0261,no
LN-01232,44129,0.71,524,salaried,business,0.0204,no
LN-01233,132990,0.73,747,self_employed,home,0.0108,no
LN-01234,40841,0.41,813,salaried,business,0.0042,no
LN-01235,155816,0.66,659,student,business,0.025,no
LN-01236,138316,0.34,785,self_employed,car,0.9835,yes
LN-01237,102081,0.61,715,self_employed,medical,0.0043,no
LN-01238,123384,0.1,701,self_employed,medical,0.0066,no
LN-01239,118442,0.65,707,student,business,0.0262,no
LN-01240,142881,0.09,784,salaried,business,0.9902,yes
LN-01241,112921,0.25,621,student,home,0.0171,no
LN-01242,37121,0.17,648,student,business,0.0196,no
LN-01243,151630,0.63,605,student,education,0.0134,no
LN-01244,90971,0.33,590,salaried,home,0.0128,no
LN-01245,49984,0.48,771,self_employed,home,0.0199,no
LN-01246,138368,0.43,549,salaried,business,0.0071,no
LN-01247,149368,0.46,641,self_employed,education,0.0213,no
LN-01248,37852,0.21,656,student,education,0.0265,no
LN-01249,78834,0.66,771,contract,business,0.0207,no
LN-01250,131891,0.58,658,student,business,0.0229,no
LN-01251,174812,0.14,711,student,education,0.021,no
LN-01252,119457,0.24,731,self_employed,home,0.0175,no
LN-01253,73725,0.15,609,student,home,0.0084,no
LN-01254,146660,0.75,784,salaried,home,0.0088,no
LN-01255,83204,0.69,594,salaried,business,0.0203,no
LN-01256,116708,0.2,626,student,medical,0.0084,no
LN-01257,176034,0.47,607,self_employed,business,0.0061,no
LN-01258,24343,0.54,635,self_employed,education,0.0228,no
LN-01259,141793,0.3,796,salaried,education,0.9948,yes
LN-01260,75251,0.59,799,salaried,home,0.0068,no
LN-01261,68743,0.66,547,salaried,medical,0.0202,no
LN-01262,146315,0.61,777,salaried,business,0.015,no
LN-01263,48223,0.72,646,salaried,medical,0.0258,no
LN-01264,179011,0.37,681,salaried,business,0.9847,yes
LN-01265,107811,0.36,622,salaried,education,0.0071,no
LN-01266,33939,0.35,602,salaried,education,0.0179,no
LN-01267,128174,0.37,624,contract,education,0.016,no
LN-01268,72306,0.46,734,student,home,0.0032,no
LN-01269,50822,0.68,735,self_employed,education,0.0251,no
LN-01270,68602,0.57,738,salaried,home,0.0062,no
LN-01271,144403,0.63,634,salaried,medical,0.0176,no
LN-01272,115706,0.3,653,self_employed,home,0.0155,no
LN-01273,144381,0.67,768,self_employed,business,0.0215,no
LN-01274,62582,0.65,724,contract,business,0.0095,no
LN-01275,145996,0.37,794,contract,education,0.9877,yes
LN-01276,63915,0.39,642,salaried,car,0.0192,no
LN-01277,96776,0.27,588,salaried,business,0.0227,no
LN-01278,146769,0.54,661,self_employed,car,0.012,no
LN-01279,68751,0.66,751,self_employed,home,0.0133,no
LN-01280,170111,0.29,660,salaried,medical,0.0138,no
LN-01281,88592,0.36,800,contract,medical,0.0048,no
LN-01282,67894,0.3,615,self_employed,medical,0.0068,no
LN-01283,150038,0.63,605,student,home,0.0044,no
LN-01284,143700,0.27,674,contract,car,0.0223,no
LN-01285,82368,0.36,803,self_employed,car,0.026,no
LN-01286,151993,0.43,815,contract,medical,0.9888,yes
LN-01287,67594,0.47,719,self_employed,business,0.0222,no
LN-01288,147236,0.62,642,contract,education,0.0197,no
LN-01289,52584,0.14,581,contract,home,0.0135,no
LN-01290,156252,0.23,710,self_employed,medical,0.9902,yes
LN-01291,106541,0.62,560,student,home,0.0211,no
LN-01292,81377,0.69,817,student,car,0.019,no
LN-01293,102738,0.59,760,student,medical,0.0145,no
LN-01294,91011,0.59,596,salaried,home,0.0099,no
LN-01295,83324,0.26,665,contract,home,0.0136,no
LN-01296,63074,0.55,520,student,business,0.0154,no
LN-01297,27866,0.42,761,student,home,0.022,no
LN-01298,56330,0.42,606,salaried,car,0.0162,no
LN-01299,26970,0.66,783,contract,business,0.0132,no
LN-01300,133132,0.21,569,self_employed,business,0.0049,no
LN-01301,38589,0.32,729,self_employed,medical,0.0179,no
LN-01302,173558,0.23,695,self_employed,medical,0.0201,no
LN-01303,94376,0.72,769,self_employed,medical,0.0049,no
LN-01304,148638,0.19,545,self_employed,education,0.0048,no
LN-01305,133278,0.61,819,self_employed,car,0.9943,yes
LN-01306,115875,0.28,588,salaried,business,0.0193,no
LN-01307,147990,0.74,684,student,car,0.0168,no
LN-01308,93254,0.26,794,contract,home,0.9951,yes
LN-01309,154904,0.19,699,salaried,medical,0.0183,no
LN-01310,120115,0.36,672,salaried,business,0.9875,yes
LN-01311,69279,0.74,747,contract,car,0.0161,no
LN-01312,118756,0.33,664,contract,medical,0.0172,no
LN-01313,137787,0.69,693,salaried,car,0.0263,no
LN-01314,145045,0.64,616,salaried,home,0.0114,no
LN-01315,26306,0.06,810,student,business,0.0071,no
LN-01316,39320,0.61,712,salaried,car,0.009,no
LN-01317,144516,0.63,604,salaried,medical,0.006,no
LN-01318,135654,0.35,649,salaried,car,0.9822,yes
LN-01319,161846,0.14,784,salaried,home,0.9734,yes
LN-01320,114375,0.27,689,salaried,home,0.0112,no
LN-01321,69595,0.27,530,salaried,medical,0.0143,no
LN-01322,140407,0.54,593,self_employed,education,0.012,no
LN-01323,150235,0.73,620,contract,home,0.0163,no
LN-01324,71162,0.45,612,student,education,0.0162,no
LN-01325,149499,0.56,801,salaried,medical,0.0095,no
LN-01326,116530,0.63,797,salaried,education,0.9819,yes
LN-01327,95363,0.47,740,salaried,medical,0.975,yes
LN-01328,162200,0.57,779,student,home,0.9758,yes
LN-01329,163237,0.39,793,student,home,0.9874,yes
LN-01330,126927,0.51,753,salaried,business,0.0236,no
LN-01331,105699,0.4,803,self_employed,home,0.0246,no
LN-01332,177744,0.36,623,student,car,0.0219,no
LN-01333,27293,0.1,554,student,car,0.0039,no
LN-01334,104421,0.26,629,student,car,0.0199,no
LN-01335,35139,0.47,623,student,car,0.0078,no
LN-01336,96912,0.55,618,student,business,0.0139,no
LN-01337,74020,0.2,765,student,car,0.0104,no
LN-01338,88646,0.12,592,student,business,0.0084,no
LN-01339,88566,0.1,595,contract,medical,0.0265,no
LN-01340,164239,0.45,583,salaried,education,0.0219,no
LN-01341,148749,0.41,811,self_employed,business,0.9838,yes
LN-01342,124963,0.19,791,student,home,0.9843,yes
LN-01343,40292,0.44,728,salaried,medical,0.0092,no
LN-01344,43459,0.54,630,self_employed,car,0.0133,no
LN-01345,176747,0.69,691,student,medical,0.0091,no
LN-01346,90157,0.29,733,student,home,0.025,no
LN-01347,153873,0.48,675,salaried,business,0.0197,no
LN-01348,53924,0.42,673,salaried,car,0.0087,no
LN-01349,95583,0.3,610,self_employed,car,0.0166,no
LN-01350,32846,0.47,658,student,education,0.0264,no
LN-01351,28380,0.49,541,contract,home,0.0242,no
LN-01352,174968,0.36,521,contract,education,0.0091,no
LN-01353,94835,0.37,667,contract,education,0.007,no
LN-01354,92732,0.32,736,self_employed,education,0.0263,no
LN-01355,140124,0.46,536,student,medical,0.0133,no
LN-01356,30543,0.17,622,self_employed,education,0.0101,no
LN-01357,153925,0.4,529,self_employed,business,0.0215,no
LN-01358,60845,0.32,630,contract,business,0.0138,no
LN-01359,74824,0.34,553,contract,business,0.0243,no
LN-01360,85475,0.56,692,salaried,medical,0.0085,no
LN-01361,49228,0.15,571,student,home,0.0124,no
LN-01362,36897,0.12,575,self_employed,business,0.0066,no
LN-01363,144478,0.47,594,contract,education,0.0053,no
LN-01364,151511,0.45,525,self_employed,car,0.005,no
LN-01365,151791,0.15,630,contract,education,0.0133,no
LN-01366,22512,0.13,764,self_employed,business,0.0047,no
LN-01367,113021,0.09,589,student,medical,0.0109,no
LN-01368,108970,0.23,741,salaried,car,0.0168,no
LN-01369,149674,0.19,751,salaried,home,0.9733,yes
LN-01370,47074,0.33,752,contract,education,0.0129,no
LN-01371,51226,0.54,534,student,medical,0.0087,no
LN-01372,130101,0.14,659,salaried,education,0.0224,no
LN-01373,34879,0.39,727,salaried,home,0.0266,no
LN-01374,51870,0.46,796,self_employed,home,0.0218,no
LN-01375,124633,0.32,529,salaried,business,0.0153,no
LN-01376,64572,0.22,712,self_employed,home,0.0115,no
LN-01377,55629,0.09,707,contract,car,0.0057,no
LN-01378,74488,0.7,525,contract,car,0.0249,no
LN-01379,53971,0.69,739,self_employed,medical,0.006,no
LN-01380,56985,0.39,746,salaried,business,0.0174,no
LN-01381,63210,0.43,693,contract,home,0.0222,no
LN-01382,89283,0.09,551,salaried,medical,0.0137,no
LN-01383,108282,0.63,624,self_employed,home,0.018,no
LN-01384,175303,0.56,742,contract,car,0.9934,yes
LN-01385,101143,0.72,700,self_employed,business,0.0187,no
LN-01386,167375,0.39,586,contract,education,0.0131,no
LN-01387,33108,0.1,782,student,car,0.0207,no
LN-01388,32948,0.26,528,student,medical,0.0233,no
LN-01389,71602,0.7,666,salaried,education,0.0229,no
LN-01390,178246,0.08,663,student,car,0.0114,no
LN-01391,71029,0.18,531,salaried,home,0.0164,no
LN-01392,77672,0.49,561,student,car,0.0227,no
LN-01393,31098,0.68,599,student,business,0.0139,no
LN-01394,134872,0.21,674,salaried,car,0.0266,no
LN-01395,81281,0.64,617,salaried,medical,0.0165,no
LN-01396,101002,0.33,531,contract,business,0.0159,no
LN-01397,173078,0.14,819,self_employed,car,0.9753,yes
LN-01398,170702,0.39,551,salaried,home,0.0248,no
LN-01399,164017,0.08,638,self_employed,medical,0.006,no
LN-01400,36743,0.07,715,student,car,0.0075,no
LN-01401,86677,0.71,717,student,education,0.0227,no
LN-01402,169950,0.32,559,contract,home,0.0217,no
LN-01403,115742,0.26,593,salaried,car,0.0088,no
LN-01404,91236,0.74,673,contract,home,0.0139,no
LN-01405,159781,0.41,707,contract,car,0.0258,no
LN-01406,174140,0.43,773,student,car,0.9734,yes
LN-01407,105656,0.1,809,student,business,0.9882,yes
LN-01408,36647,0.53,747,self_employed,car,0.0087,no
LN-01409,30670,0.44,628,salaried,medical,0.0165,no
LN-01410,116140,0.26,791,salaried,business,0.0199,no
LN-01411,60106,0.22,784,student,business,0.0071,no
LN-01412,102164,0.62,564,contract,education,0.0117,no
LN-01413,98526,0.62,670,self_employed,home,0.0269,no
LN-01414,49979,0.19,790,salaried,business,0.021,no
LN-01415,107506,0.48,555,self_employed,home,0.005,no
LN-01416,155310,0.21,708,student,medical,0.0118,no
LN-01417,107637,0.44,692,self_employed,home,0.0208,no
LN-01418,131951,0.47,798,self_employed,car,0.0116,no
LN-01419,143971,0.13,784,student,education,0.0101,no
LN-01420,140500,0.67,525,salaried,medical,0.0037,no
LN-01421,87592,0.33,546,salaried,business,0.0248,no
LN-01422,37915,0.65,757,self_employed,education,0.0145,no
LN-01423,134080,0.28,544,contract,education,0.006,no
LN-01424,137218,0.3,669,self_employed,business,0.0139,no
LN-01425,57173,0.17,683,student,medical,0.0032,no
LN-01426,172937,0.2,666,self_employed,business,0.0158,no
LN-01427,42450,0.72,528,student,education,0.0047,no
LN-01428,134790,0.22,719,self_employed,business,0.0261,no
LN-01429,155225,0.67,573,student,education,0.0116,no
LN-01430,107298,0.24,522,contract,business,0.0257,no
LN-01431,111227,0.31,554,salaried,medical,0.0111,no
LN-01432,29173,0.3,763,salaried,home,0.0035,no
LN-01433,99897,0.24,691,contract,medical,0.0245,no
LN-01434,33456,0.13,640,contract,business,0.004,no
LN-01435,143926,0.5,764,self_employed,education,0.0046,no
LN-01436,55825,0.5,651,contract,education,0.0055,no
LN-01437,130960,0.12,733,student,medical,0.9829,yes
LN-01438,126874,0.41,582,salaried,education,0.0166,no
LN-01439,178629,0.13,702,student,car,0.0151,no
LN-01440,150620,0.62,649,self_employed,education,0.0096,no
LN-01441,55309,0.23,754,contract,business,0.0075,no
LN-01442,134964,0.68,551,salaried,home,0.0097,no
LN-01443,48597,0.21,561,student,car,0.0184,no
LN-01444,27732,0.12,733,contract,home,0.0044,no
LN-01445,81707,0.67,797,self_employed,home,0.0256,no
LN-01446,125947,0.66,768,salaried,home,0.9952,yes
LN-01447,31492,0.18,520,self_employed,car,0.0148,no
LN-01448,89010,0.46,532,student,education,0.0209,no
LN-01449,132434,0.46,521,student,medical,0.0091,no
LN-01450,118205,0.32,820,self_employed,car,0.0228,no
LN-01451,65151,0.06,549,salaried,car,0.0075,no
LN-01452,86067,0.47,608,student,home,0.0074,no
LN-01453,96086,0.13,692,contract,home,0.0058,no
LN-01454,66204,0.5,608,contract,car,0.0184,no
LN-01455,179199,0.7,714,salaried,medical,0.9732,yes
LN-01456,145035,0.22,595,student,business,0.0182,no
LN-01457,34635,0.14,611,student,education,0.017,no
LN-01458,174400,0.62,625,self_employed,medical,0.0062,no
LN-01459,70058,0.41,754,salaried,business,0.0132,no
LN-01460,109063,0.58,622,salaried,car,0.0073,no
LN-01461,92811,0.7,811,salaried,car,0.0249,no
LN-01462,40463,0.3,723,salaried,business,0.0251,no
LN-01463,25359,0.67,677,contract,business,0.0152,no
LN-01464,101413,0.09,740,self_employed,business,0.9799,yes
LN-01465,79531,0.21,697,contract,education,0.0117,no
LN-01466,106163,0.48,522,contract,medical,0.0121,no
LN-01467,34925,0.43,819,self_employed,home,0.0032,no
LN-01468,35789,0.57,668,student,car,0.0168,no
LN-01469,60218,0.09,713,contract,education,0.0071,no
LN-01470,77108,0.66,637,self_employed,car,0.0125,no
LN-01471,66825,0.47,529,self_employed,car,0.0097,no
LN-01472,47709,0.68,631,contract,medical,0.0269,no
LN-01473,68503,0.52,687,salaried,education,0.0247,no
LN-01474,160308,0.41,807,contract,home,0.9942,yes
LN-01475,156801,0.09,523,salaried,medical,0.0126,no
LN-01476,83383,0.48,666,contract,home,0.019,no
LN-01477,123119,0.28,651,salaried,business,0.0071,no
LN-01478,172862,0.3,584,student,medical,0.0191,no
LN-01479,39222,0.64,813,student,car,0.0115,no
LN-01480,65852,0.22,693,salaried,home,0.0135,no
LN-01481,93902,0.58,641,self_employed,car,0.0118,no
LN-01482,73363,0.52,743,student,medical,0.0149,no
LN-01483,29798,0.37,625,contract,car,0.0057,no
LN-01484,154159,0.43,771,self_employed,education,0.99,yes
LN-01485,126035,0.08,806,contract,education,0.9841,yes
LN-01486,157934,0.26,544,contract,medical,0.0066,no
LN-01487,103168,0.5,791,contract,education,0.0054,no
LN-01488,100344,0.1,727,self_employed,education,0.017,no
LN-01489,36896,0.32,673,contract,business,0.0075,no
LN-01490,22628,0.66,668,salaried,education,0.0188,no
LN-01491,145008,0.05,573,student,home,0.009,no
LN-01492,174855,0.65,800,contract,business,0.9801,yes
LN-01493,33146,0.28,730,self_employed,education,0.0253,no
LN-01494,119491,0.07,803,contract,medical,0.9856,yes
LN-01495,126920,0.44,593,self_employed,car,0.0051,no
LN-01496,48551,0.6,528,contract,medical,0.0188,no
LN-01497,130356,0.15,600,self_employed,medical,0.0196,no
LN-01498,116470,0.29,561,contract,home,0.0194,no
LN-01499,141012,0.18,778,contract,education,0.0143,no
LN-01500,128629,0.56,598,student,car,0.0084,no
LN-01501,79660,0.49,777,salaried,medical,0.9739,yes
LN-01502,162889,0.37,779,student,business,0.9785,yes
LN-01503,75906,0.73,665,salaried,home,0.0074,no
LN-01504,48196,0.05,718,salaried,car,0.0186,no
LN-01505,27141,0.22,660,self_employed,business,0.0171,no
LN-01506,151973,0.68,591,contract,education,0.0119,no
LN-01507,70842,0.24,755,contract,medical,0.017,no
LN-01508,175760,0.17,727,contract,education,0.9782,yes
LN-01509,68391,0.28,786,salaried,home,0.9871,yes
LN-01510,164041,0.28,676,salaried,home,0.0254,no
LN-01511,114833,0.7,643,salaried,home,0.0077,no
LN-01512,117762,0.22,760,student,medical,0.0207,no
LN-01513,150056,0.23,813,student,home,0.9799,yes
LN-01514,101823,0.68,738,salaried,education,0.0058,no
LN-01515,114252,0.54,608,contract,car,0.0069,no
LN-01516,69113,0.1,739,contract,medical,0.0113,no
LN-01517,86593,0.12,544,salaried,medical,0.012,no
LN-01518,149266,0.14,721,student,car,0.0048,no
LN-01519,145409,0.27,732,self_employed,education,0.0228,no
LN-01520,37133,0.35,674,student,business,0.0206,no
LN-01521,31143,0.68,723,student,home,0.0259,no
LN-01522,160454,0.65,748,student,education,0.0185,no
LN-01523,40446,0.13,737,contract,medical,0.0256,no
LN-01524,144944,0.48,763,contract,medical,0.0244,no
LN-01525,33430,0.42,713,salaried,car,0.0195,no
LN-01526,77394,0.29,813,salaried,medical,0.9771,yes
LN-01527,77217,0.08,738,contract,business,0.0052,no
LN-01528,76812,0.57,661,self_employed,car,0.0105,no
LN-01529,151800,0.55,811,salaried,medical,0.9926,yes
LN-01530,108597,0.13,793,student,car,0.0226,no
LN-01531,52011,0.73,702,salaried,car,0.0123,no
LN-01532,46405,0.05,640,contract,car,0.0082,no
LN-01533,60114,0.06,666,salaried,business,0.0099,no
LN-01534,69543,0.28,811,contract,education,0.0106,no
LN-01535,84384,0.6,560,student,car,0.0266,no
LN-01536,91416,0.25,591,salaried,business,0.0152,no
LN-01537,165565,0.41,713,contract,car,0.9798,yes
LN-01538,67613,0.43,536,salaried,home,0.0061,no
LN-01539,140367,0.14,654,contract,education,0.0116,no
LN-01540,174021,0.14,632,student,home,0.0084,no
LN-01541,95534,0.32,798,salaried,home,0.0034,no
LN-01542,53619,0.57,651,contract,business,0.0149,no
LN-01543,134169,0.23,771,contract,education,0.9968,yes
LN-01544,81413,0.38,669,contract,medical,0.023,no
LN-01545,58428,0.15,718,contract,business,0.0261,no
LN-01546,75503,0.73,807,student,home,0.0144,no
LN-01547,167661,0.11,586,salaried,home,0.0228,no
LN-01548,59011,0.74,705,student,business,0.0259,no
LN-01549,126750,0.23,652,self_employed,education,0.014,no
LN-01550,139576,0.43,540,salaried,education,0.0031,no
LN-01551,164329,0.59,639,salaried,education,0.0176,no
LN-01552,52129,0.14,714,contract,car,0.0148,no
LN-01553,116516,0.29,587,contract,business,0.0093,no
LN-01554,168484,0.7,785,salaried,medical,0.9942,yes
LN-01555,150304,0.51,736,self_employed,home,0.013,no
LN-01556,68512,0.19,767,student,home,0.0148,no
LN-01557,121429,0.73,728,self_employed,business,0.0095,no
LN-01558,50436,0.74,719,self_employed,medical,0.0062,no
LN-01559,43837,0.57,806,contract,home,0.0041,no
LN-01560,100805,0.67,539,self_employed,business,0.0235,no
LN-01561,175619,0.49,565,self_employed,home,0.013,no
LN-01562,65084,0.15,700,student,education,0.0247,no
LN-01563,126934,0.69,623,contract,business,0.01,no
LN-01564,150537,0.29,563,student,medical,0.007,no
LN-01565,123777,0.46,521,contract,education,0.0207,no
LN-01566,83083,0.19,757,contract,medical,0.0103,no
LN-01567,155842,0.35,700,student,education,0.9794,yes
LN-01568,124154,0.37,529,salaried,education,0.0058,no
LN-01569,44799,0.57,725,contract,education,0.0058,no
LN-01570,114992,0.58,673,student,car,0.0089,no
LN-01571,119971,0.61,763,salaried,medical,0.0227,no
LN-01572,127993,0.48,690,salaried,education,0.0198,no
LN-01573,65602,0.23,565,contract,car,0.0075,no
LN-01574,104345,0.68,763,self_employed,car,0.0233,no
LN-01575,132632,0.71,580,self_employed,medical,0.0255,no
LN-01576,94510,0.73,781,salaried,home,0.0049,no
LN-01577,84071,0.72,696,salaried,car,0.0247,no
LN-01578,176371,0.22,554,self_employed,home,0.0152,no
LN-01579,22883,0.25,654,self_employed,car,0.0262,no
LN-01580,171474,0.14,659,student,home,0.0085,no
LN-01581,175108,0.5,811,self_employed,business,0.9871,yes
LN-01582,113627,0.58,719,student,home,0.0053,no
LN-01583,162460,0.66,541,contract,home,0.0105,no
LN-01584,68682,0.57,758,contract,education,0.0041,no
LN-01585,52767,0.29,531,salaried,medical,0.0165,no
LN-01586,113360,0.67,795,self_employed,home,0.0088,no
LN-01587,173282,0.47,679,salaried,medical,0.0096,no
LN-01588,22793,0.74,551,self_employed,business,0.012,no
LN-01589,100583,0.58,555,self_employed,education,0.024,no
LN-01590,137119,0.12,688,self_employed,home,0.0035,no
LN-01591,46885,0.35,638,self_employed,education,0.0171,no
LN-01592,160894,0.31,730,self_employed,education,0.9885,yes
LN-01593,174360,0.24,642,contract,business,0.9918,yes
LN-01594,128151,0.65,610,contract,medical,0.022,no
LN-01595,66914,0.13,527,contract,medical,0.0219,no
LN-01596,27161,0.18,652,self_employed,home,0.0135,no
LN-01597,26232,0.55,695,contract,medical,0.0134,no
LN-01598,142088,0.09,633,self_employed,business,0.027,no
LN-01599,74315,0.64,623,student,home,0.0204,no
LN-01600,151154,0.22,668,contract,business,0.0132,no
LN-01601,150115,0.27,650,salaried,medical,0.9864,yes
LN-01602,30076,0.11,781,salaried,medical,0.9911,yes
LN-01603,48376,0.39,558,contract,medical,0.0179,no
LN-01604,107922,0.68,689,student,medical,0.0199,no
LN-01605,138452,0.27,758,contract,home,0.0113,no
LN-01606,92023,0.12,773,student,education,0.9774,yes
LN-01607,126886,0.62,712,self_employed,business,0.0262,no
LN-01608,160196,0.13,810,contract,car,0.9773,yes
LN-01609,151919,0.51,658,self_employed,business,0.0043,no
LN-01610,175775,0.53,805,contract,business,0.9779,yes
LN-01611,117220,0.19,790,student,medical,0.9864,yes
LN-01612,146287,0.46,776,self_employed,car,0.0049,no
LN-01613,23265,0.42,727,contract,medical,0.0254,no
LN-01614,123126,0.55,581,self_employed,home,0.0237,no
LN-01615,100284,0.74,667,self_employed,car,0.0176,no
LN-01616,28550,0.63,600,contract,business,0.022,no
LN-01617,179088,0.1,551,contract,business,0.0042,no
LN-01618,114395,0.29,654,salaried,education,0.0203,no
LN-01619,82967,0.06,728,contract,education,0.0172,no
LN-01620,101006,0.7,548,contract,medical,0.0034,no
LN-01621,176112,0.53,565,contract,business,0.0228,no
LN-01622,140462,0.58,711,student,business,0.0115,no
LN-01623,175409,0.11,609,self_employed,education,0.0049,no
LN-01624,49695,0.37,698,student,education,0.0244,no
LN-01625,151282,0.7,799,salaried,education,0.0098,no
LN-01626,80029,0.7,708,salaried,business,0.0175,no
LN-01627,171343,0.62,819,salaried,education,0.9796,yes
LN-01628,128571,0.08,562,contract,medical,0.009,no
LN-01629,137629,0.56,565,student,education,0.0063,no
LN-01630,76746,0.74,722,salaried,education,0.008,no
LN-01631,43844,0.05,691,self_employed,education,0.012,no
LN-01632,171328,0.41,528,salaried,car,0.0107,no
LN-01633,146279,0.46,729,contract,education,0.0148,no
LN-01634,147594,0.44,802,student,education,0.9779,yes
LN-01635,125840,0.45,747,student,business,0.0066,no
LN-01636,122664,0.74,522,salaried,medical,0.0237,no
LN-01637,111688,0.27,682,student,car,0.0036,no
LN-01638,46171,0.47,562,salaried,medical,0.0231,no
LN-01639,61013,0.16,778,contract,car,0.0163,no
LN-01640,44954,0.1,749,student,medical,0.007,no
LN-01641,150300,0.07,551,contract,medical,0.0112,no
LN-01642,96535,0.26,624,student,business,0.0171,no
LN-01643,26453,0.49,707,salaried,business,0.0136,no
LN-01644,22088,0.18,610,contract,home,0.0136,no
LN-01645,98095,0.71,815,contract,medical,0.0159,no
LN-01646,144222,0.29,560,student,car,0.0237,no
LN-01647,156718,0.73,605,self_employed,home,0.0198,no
LN-01648,145110,0.31,579,student,car,0.0119,no
LN-01649,174435,0.67,582,salaried,education,0.0089,no
LN-01650,34345,0.65,544,student,car,0.0268,no
LN-01651,46514,0.64,642,contract,car,0.015,no
LN-01652,60821,0.08,679,contract,business,0.01,no
LN-01653,154189,0.33,801,contract,car,0.0063,no
LN-01654,164600,0.62,522,student,medical,0.0074,no
LN-01655,55794,0.45,666,self_employed,car,0.0214,no
LN-01656,50770,0.26,562,self_employed,home,0.0131,no
LN-01657,148780,0.41,716,salaried,home,0.0072,no
LN-01658,36316,0.3,588,salaried,home,0.0202,no
LN-01659,121741,0.68,645,contract,education,0.0163,no
LN-01660,101367,0.31,695,salaried,business,0.0181,no
LN-01661,86788,0.67,781,contract,medical,0.0139,no
LN-01662,160238,0.75,680,salaried,car,0.0219,no
LN-01663,144515,0.54,697,salaried,business,0.0247,no
LN-01664,41912,0.26,722,student,medical,0.0111,no
LN-01665,92106,0.21,542,student,home,0.0163,no
LN-01666,165416,0.74,773,salaried,home,0.0255,no
LN-01667,43724,0.23,787,contract,medical,0.0115,no
LN-01668,156118,0.21,752,self_employed,medical,0.0159,no
LN-01669,45707,0.26,533,self_employed,car,0.0057,no
LN-01670,102299,0.3,607,student,business,0.0045,no
LN-01671,166558,0.73,786,contract,car,0.0106,no
LN-01672,85438,0.26,731,student,medical,0.0191,no
LN-01673,142224,0.43,745,contract,business,0.0056,no
LN-01674,149484,0.21,767,salaried,education,0.9945,yes
LN-01675,43039,0.75,607,contract,car,0.0061,no
LN-01676,129138,0.47,544,self_employed,medical,0.0186,no
LN-01677,162547,0.43,569,self_employed,business,0.0159,no
LN-01678,50106,0.69,799,salaried,business,0.0083,no
LN-01679,122294,0.19,811,salaried,home,0.99,yes
LN-01680,51972,0.22,793,self_employed,medical,0.0078,no
LN-01681,72871,0.66,771,salaried,medical,0.0237,no
LN-01682,159061,0.66,539,student,business,0.0155,no
LN-01683,129731,0.61,773,student,car,0.0195,no
LN-01684,140447,0.68,760,self_employed,education,0.0228,no
LN-01685,49193,0.28,703,salaried,medical,0.0189,no
LN-01686,123691,0.07,577,self_employed,car,0.02,no
LN-01687,129512,0.43,658,student,education,0.0174,no
LN-01688,133337,0.49,658,contract,car,0.0043,no
LN-01689,94244,0.61,797,student,education,0.005,no
LN-01690,32198,0.12,756,self_employed,business,0.004,no
LN-01691,50594,0.27,663,self_employed,education,0.0213,no
LN-01692,60804,0.37,778,contract,business,0.0064,no
LN-01693,66291,0.48,703,salaried,medical,0.0111,no
LN-01694,71035,0.63,538,contract,medical,0.0095,no
LN-01695,117595,0.2,758,contract,business,0.0055,no
LN-01696,42505,0.33,579,student,business,0.0233,no
LN-01697,28868,0.21,745,contract,home,0.0165,no
LN-01698,76833,0.1,712,salaried,car,0.0136,no
LN-01699,25937,0.61,663,self_employed,business,0.005,no
LN-01700,79724,0.44,591,self_employed,education,0.0172,no
LN-01701,35513,0.33,703,student,business,0.0251,no
LN-01702,54532,0.07,763,salaried,home,0.0127,no
LN-01703,141894,0.61,742,contract,medical,0.0222,no
LN-01704,85708,0.11,790,self_employed,business,0.992,yes
LN-01705,44322,0.06,749,student,medical,0.0185,no
LN-01706,167981,0.12,684,contract,medical,0.9854,yes
LN-01707,96298,0.16,586,contract,home,0.0106,no
LN-01708,129796,0.4,660,self_employed,business,0.0099,no
LN-01709,154178,0.37,768,student,business,0.0177,no
LN-01710,68972,0.29,646,contract,medical,0.0043,no
LN-01711,128447,0.19,664,contract,business,0.0251,no
LN-01712,84028,0.55,691,contract,education,0.0124,no
LN-01713,81821,0.68,597,self_employed,car,0.0045,no
LN-01714,94781,0.65,817,contract,medical,0.9879,yes
LN-01715,37187,0.19,586,salaried,car,0.0208,no
LN-01716,44972,0.05,633,contract,home,0.0223,no
LN-01717,161556,0.71,538,salaried,business,0.0236,no
LN-01718,47556,0.29,522,self_employed,car,0.0114,no
LN-01719,149869,0.16,742,student,car,0.9938,yes
LN-01720,90637,0.57,737,self_employed,car,0.0039,no
LN-01721,116415,0.06,579,student,business,0.0132,no
LN-01722,70719,0.46,718,student,education,0.0269,no
LN-01723,76557,0.46,663,self_employed,home,0.0108,no
LN-01724,39279,0.14,697,self_employed,medical,0.0253,no
LN-01725,42837,0.43,815,contract,car,0.0147,no
LN-01726,134337,0.39,550,student,home,0.0113,no
LN-01727,109579,0.28,553,student,home,0.0182,no
LN-01728,166221,0.45,741,self_employed,medical,0.01,no
LN-01729,42716,0.74,540,salaried,home,0.014,no
LN-01730,49183,0.15,713,student,business,0.0183,no
LN-01731,68219,0.58,520,student,medical,0.025,no
LN-01732,118198,0.31,753,salaried,medical,0.9952,yes
LN-01733,165089,0.39,532,contract,education,0.0228,no
LN-01734,154942,0.7,765,contract,home,0.0196,no
LN-01735,28864,0.32,807,self_employed,home,0.006,no
LN-01736,93157,0.09,642,self_employed,medical,0.0245,no
LN-01737,149792,0.7,792,contract,education,0.0083,no
LN-01738,54115,0.3,569,self_employed,education,0.019,no
LN-01739,151794,0.36,540,self_employed,education,0.0258,no
LN-01740,126840,0.39,638,student,car,0.0252,no
LN-01741,63643,0.43,778,contract,home,0.0067,no
LN-01742,67687,0.62,722,self_employed,home,0.0043,no
LN-01743,30530,0.7,732,self_employed,home,0.015,no
LN-01744,45276,0.48,704,salaried,education,0.0196,no
LN-01745,160417,0.26,646,contract,business,0.0094,no
LN-01746,31982,0.28,602,self_employed,business,0.0169,no
LN-01747,64063,0.21,607,self_employed,education,0.0234,no
LN-01748,119907,0.19,778,student,home,0.0222,no
LN-01749,143230,0.24,613,contract,car,0.0231,no
LN-01750,127785,0.36,583,contract,medical,0.0093,no
LN-01751,116758,0.46,677,salaried,home,0.0162,no
LN-01752,92280,0.73,531,salaried,medical,0.0032,no
LN-01753,135296,0.35,706,student,education,0.9783,yes
LN-01754,128600,0.33,761,contract,medical,0.0124,no
LN-01755,45509,0.47,628,salaried,medical,0.0112,no
LN-01756,49120,0.12,735,contract,business,0.0041,no
LN-01757,117949,0.31,806,student,car,0.9756,yes
LN-01758,30605,0.32,536,contract,home,0.0148,no
LN-01759,50975,0.71,526,salaried,home,0.0032,no
LN-01760,147546,0.35,559,salaried,business,0.0215,no
LN-01761,112849,0.35,653,contract,medical,0.0141,no
LN-01762,157485,0.35,547,salaried,education,0.0214,no
LN-01763,115009,0.64,779,contract,home,0.0196,no
LN-01764,23984,0.08,706,self_employed,medical,0.0249,no
LN-01765,111802,0.55,795,student,home,0.0109,no
LN-01766,28516,0.55,747,salaried,business,0.0097,no
LN-01767,161212,0.4,727,self_employed,home,0.9751,yes
LN-01768,31333,0.36,570,student,education,0.0041,no
LN-01769,71400,0.54,777,self_employed,education,0.0057,no
LN-01770,48223,0.07,772,student,home,0.0052,no
LN-01771,132124,0.25,528,contract,home,0.004,no
LN-01772,33259,0.11,777,salaried,medical,0.0118,no
LN-01773,86149,0.71,567,student,business,0.0238,no
LN-01774,28363,0.72,700,self_employed,education,0.0033,no
LN-01775,81676,0.32,638,student,education,0.0114,no
LN-01776,116219,0.37,779,self_employed,home,0.0131,no
LN-01777,94371,0.19,728,salaried,home,0.0232,no
LN-01778,79133,0.75,599,student,education,0.0081,no
LN-01779,158656,0.75,638,student,business,0.0187,no
LN-01780,84137,0.1,605,self_employed,business,0.0156,no
LN-01781,41089,0.66,731,student,home,0.0185,no
LN-01782,130743,0.57,652,self_employed,business,0.0071,no
LN-01783,145647,0.27,587,salaried,car,0.0212,no
LN-01784,117593,0.54,535,contract,business,0.0105,no
LN-01785,74329,0.25,584,salaried,education,0.006,no
LN-01786,135314,0.22,813,self_employed,business,0.9938,yes
LN-01787,71114,0.25,718,contract,car,0.0192,no
LN-01788,164872,0.08,795,salaried,home,0.9772,yes
LN-01789,160161,0.43,760,contract,car,0.0063,no
LN-01790,50783,0.17,814,salaried,medical,0.0082,no
LN-01791,37339,0.67,682,salaried,education,0.0065,no
LN-01792,42858,0.62,801,self_employed,car,0.0226,no
LN-01793,66558,0.37,576,salaried,business,0.0048,no
LN-01794,158609,0.41,715,student,medical,0.0045,no
LN-01795,152648,0.39,589,student,education,0.0044,no
LN-01796,59507,0.09,757,student,business,0.0167,no
LN-01797,174580,0.39,661,student,business,0.0057,no
LN-01798,87118,0.59,817,salaried,medical,0.0145,no
LN-01799,81610,0.05,591,salaried,home,0.0036,no
LN-01800,68502,0.15,536,contract,education,0.0082,no
LN-01801,175597,0.11,629,contract,home,0.0152,no
LN-01802,157757,0.54,764,student,education,0.987,yes
LN-01803,78931,0.06,629,salaried,education,0.0158,no
LN-01804,169484,0.26,562,salaried,home,0.0096,no
LN-01805,90901,0.58,625,contract,car,0.0124,no
LN-01806,50894,0.51,741,self_employed,education,0.0121,no
LN-01807,170133,0.69,780,contract,business,0.0187,no
LN-01808,127273,0.2,544,salaried,medical,0.0238,no
LN-01809,56328,0.06,554,contract,car,0.0224,no
LN-01810,160605,0.63,641,student,education,0.0041,no
LN-01811,149418,0.26,771,self_employed,home,0.0082,no
LN-01812,171868,0.28,733,student,home,0.0192,no
LN-01813,40320,0.17,733,salaried,business,0.0222,no
LN-01814,30509,0.66,575,self_employed,business,0.0156,no
LN-01815,122084,0.45,788,contract,business,0.9831,yes
LN-01816,47352,0.27,728,contract,car,0.0198,no
LN-01817,115774,0.32,761,student,medical,0.9942,yes
LN-01818,27802,0.45,677,salaried,medical,0.0089,no
LN-01819,54993,0.33,749,self_employed,business,0.0099,no
LN-01820,77598,0.52,725,student,business,0.0222,no
LN-01821,165197,0.14,804,self_employed,education,0.9929,yes
LN-01822,116628,0.7,623,salaried,education,0.015,no
LN-01823,104715,0.24,793,student,education,0.9801,yes
LN-01824,33241,0.43,769,student,business,0.0065,no
LN-01825,65967,0.24,723,self_employed,education,0.0048,no
LN-01826,98239,0.54,800,salaried,car,0.0096,no
LN-01827,171898,0.2,595,salaried,medical,0.0107,no
LN-01828,46245,0.21,551,contract,business,0.0237,no
LN-01829,78776,0.52,520,student,car,0.0177,no
LN-01830,41411,0.33,647,salaried,car,0.0135,no
LN-01831,144693,0.38,577,salaried,education,0.0173,no
LN-01832,28592,0.1,698,contract,home,0.0048,no
LN-01833,63638,0.53,538,student,medical,0.0096,no
LN-01834,90101,0.64,593,student,medical,0.0222,no
LN-01835,30210,0.38,805,contract,home,0.0203,no
LN-01836,34078,0.46,647,salaried,business,0.0058,no
LN-01837,136496,0.17,759,contract,business,0.0258,no
LN-01838,33961,0.22,569,self_employed,home,0.0156,no
LN-01839,161719,0.27,622,self_employed,car,0.0134,no
LN-01840,151829,0.26,601,salaried,medical,0.006,no
LN-01841,178749,0.52,628,student,medical,0.0148,no
LN-01842,50411,0.11,674,self_employed,medical,0.0208,no
LN-01843,173511,0.2,602,self_employed,medical,0.0075,no
LN-01844,91569,0.66,617,self_employed,home,0.01,no
LN-01845,70193,0.55,818,self_employed,home,0.0219,no
LN-01846,52527,0.5,598,contract,car,0.0235,no
LN-01847,65447,0.13,692,student,education,0.0255,no
LN-01848,50226,0.16,683,self_employed,education,0.026,no
LN-01849,124437,0.55,592,student,business,0.0068,no
LN-01850,134380,0.7,645,salaried,medical,0.0128,no
LN-01851,132938,0.7,546,student,home,0.0251,no
LN-01852,112161,0.3,777,salaried,education,0.9793,yes
LN-01853,148530,0.62,556,student,car,0.0074,no
LN-01854,124852,0.55,747,self_employed,business,0.0243,no
LN-01855,138294,0.19,604,student,medical,0.0034,no
LN-01856,72649,0.27,556,salaried,education,0.012,no
LN-01857,69658,0.36,646,contract,education,0.009,no
LN-01858,146034,0.4,555,student,car,0.0096,no
LN-01859,98842,0.09,801,contract,education,0.9752,yes
LN-01860,114908,0.26,603,self_employed,medical,0.0089,no
LN-01861,79558,0.69,688,salaried,medical,0.0177,no
LN-01862,131014,0.21,614,contract,car,0.0145,no
LN-01863,119926,0.15,676,self_employed,business,0.0234,no
LN-01864,125953,0.66,736,student,business,0.0229,no
LN-01865,143627,0.68,566,contract,education,0.0151,no
LN-01866,55126,0.38,612,student,education,0.0182,no
LN-01867,65224,0.31,575,student,medical,0.0237,no
LN-01868,127152,0.26,796,student,car,0.005,no
LN-01869,47726,0.22,525,contract,medical,0.0069,no
LN-01870,95746,0.07,616,student,education,0.0216,no
LN-01871,177071,0.37,660,contract,medical,0.0267,no
LN-01872,145447,0.27,728,student,education,0.0239,no
LN-01873,136849,0.6,541,student,business,0.0072,no
LN-01874,37890,0.56,815,salaried,home,0.0259,no
LN-01875,125720,0.73,818,salaried,medical,0.0237,no
LN-01876,114183,0.58,654,contract,business,0.0145,no
LN-01877,86164,0.51,820,contract,home,0.0078,no
LN-01878,88862,0.6,532,salaried,home,0.0047,no
LN-01879,90281,0.74,760,contract,education,0.0175,no
LN-01880,163331,0.39,559,salaried,car,0.0062,no
LN-01881,107358,0.55,750,contract,education,0.0179,no
LN-01882,27770,0.37,687,salaried,business,0.0116,no
LN-01883,120198,0.1,764,contract,car,0.9751,yes
LN-01884,120151,0.18,578,student,education,0.0092,no
LN-01885,75622,0.3,647,self_employed,car,0.0248,no
LN-01886,62610,0.23,612,salaried,medical,0.0076,no
LN-01887,53920,0.66,566,salaried,car,0.0194,no
LN-01888,177959,0.47,726,student,business,0.9777,yes
LN-01889,48233,0.1,644,contract,business,0.0231,no
LN-01890,174514,0.12,566,contract,home,0.0142,no
LN-01891,115495,0.36,710,self_employed,education,0.0125,no
LN-01892,89509,0.44,766,salaried,home,0.9969,yes
LN-01893,56405,0.63,711,student,medical,0.0208,no
LN-01894,109303,0.62,536,self_employed,car,0.0153,no
LN-01895,73347,0.7,796,student,medical,0.0055,no
LN-01896,98921,0.41,576,student,car,0.0269,no
LN-01897,120771,0.16,630,contract,education,0.0247,no
LN-01898,165237,0.17,713,contract,medical,0.9761,yes
LN-01899,73031,0.53,737,contract,home,0.0163,no
LN-01900,117302,0.43,645,self_employed,home,0.014,no
LN-01901,150117,0.34,725,student,medical,0.0061,no
LN-01902,128965,0.43,649,salaried,car,0.0111,no
LN-01903,174841,0.11,636,self_employed,education,0.0079,no
LN-01904,83845,0.07,813,salaried,home,0.9837,yes
LN-01905,28299,0.55,790,salaried,home,0.0043,no
LN-01906,102202,0.52,663,student,home,0.0255,no
LN-01907,77633,0.2,670,contract,business,0.007,no
LN-01908,129634,0.11,644,contract,medical,0.0247,no
LN-01909,113990,0.61,578,student,car,0.0083,no
LN-01910,119482,0.1,673,student,education,0.0185,no
LN-01911,66525,0.29,804,salaried,car,0.9808,yes
LN-01912,170917,0.06,643,contract,home,0.9814,yes
LN-01913,123369,0.38,647,salaried,car,0.0053,no
LN-01914,84018,0.51,766,self_employed,car,0.0174,no
LN-01915,33841,0.14,522,salaried,education,0.0236,no
LN-01916,137631,0.36,561,salaried,business,0.0069,no
LN-01917,67047,0.64,612,contract,car,0.0203,no
LN-01918,131069,0.09,628,contract,business,0.003,no
LN-01919,126427,0.48,591,salaried,business,0.0221,no
LN-01920,159306,0.69,732,student,education,0.0069,no
LN-01921,63646,0.51,774,self_employed,medical,0.0057,no
LN-01922,84376,0.6,739,student,car,0.0035,no
LN-01923,162409,0.7,820,salaried,business,0.983,yes
LN-01924,118777,0.2,711,contract,car,0.0071,no
LN-01925,136624,0.61,608,self_employed,business,0.0177,no
LN-01926,39483,0.13,787,salaried,education,0.0042,no
LN-01927,111750,0.37,627,salaried,home,0.0103,no
LN-01928,142043,0.33,775,salaried,business,0.987,yes
LN-01929,85916,0.63,774,salaried,home,0.0171,no
LN-01930,59447,0.37,564,student,business,0.0218,no
LN-01931,84713,0.27,693,self_employed,car,0.0121,no
LN-01932,109801,0.53,784,self_employed,car,0.0199,no
LN-01933,111287,0.13,726,salaried,car,0.0202,no
LN-01934,117502,0.42,708,contract,car,0.0252,no
LN-01935,88471,0.45,638,self_employed,home,0.0101,no
LN-01936,46066,0.23,727,student,medical,0.0056,no
LN-01937,82161,0.59,775,student,home,0.0249,no
LN-01938,100113,0.09,677,student,car,0.0263,no
LN-01939,110784,0.12,622,contract,medical,0.012,no
LN-01940,97905,0.4,723,student,home,0.0211,no
LN-01941,34878,0.62,732,student,home,0.0065,no
LN-01942,132478,0.43,736,student,education,0.0045,no
LN-01943,117150,0.37,638,salaried,home,0.0205,no
LN-01944,26981,0.2,594,self_employed,education,0.0267,no
LN-01945,62591,0.57,685,student,medical,0.0122,no
LN-01946,23856,0.55,702,contract,education,0.0256,no
LN-01947,109522,0.29,676,salaried,home,0.0121,no
LN-01948,152115,0.35,798,self_employed,home,0.9874,yes
LN-01949,94947,0.29,584,salaried,education,0.0144,no
LN-01950,103919,0.72,608,contract,education,0.0173,no
LN-01951,179797,0.69,605,salaried,car,0.024,no
LN-01952,27990,0.11,675,student,home,0.0042,no
LN-01953,49875,0.4,592,salaried,business,0.0191,no
LN-01954,74921,0.22,675,salaried,medical,0.0182,no
LN-01955,99593,0.42,750,contract,medical,0.9792,yes
LN-01956,155943,0.66,604,contract,education,0.0242,no
LN-01957,168299,0.32,699,contract,business,0.9799,yes
LN-01958,100745,0.5,558,contract,education,0.0234,no
LN-01959,122823,0.71,620,salaried,home,0.0086,no
LN-01960,157018,0.48,556,salaried,education,0.026,no
LN-01961,98368,0.25,807,self_employed,medical,0.0267,no
LN-01962,60121,0.48,658,salaried,car,0.0106,no
LN-01963,148523,0.21,530,salaried,car,0.0242,no
LN-01964,46765,0.24,801,self_employed,home,0.9874,yes
LN-01965,167155,0.44,706,student,home,0.9778,yes
LN-01966,155315,0.21,536,self_employed,medical,0.0171,no
LN-01967,32620,0.1,524,contract,medical,0.0161,no
LN-01968,163059,0.42,790,self_employed,education,0.0269,no
LN-01969,110162,0.37,577,contract,home,0.014,no
LN-01970,60392,0.29,665,self_employed,education,0.0176,no
LN-01971,61255,0.51,783,student,car,0.0158,no
LN-01972,95583,0.66,693,contract,business,0.0227,no
LN-01973,121611,0.06,623,student,medical,0.0087,no
LN-01974,159904,0.58,543,salaried,car,0.0231,no
LN-01975,131018,0.11,762,contract,business,0.9811,yes
LN-01976,125691,0.23,798,salaried,home,0.9849,yes
LN-01977,38942,0.62,705,student,education,0.0117,no
LN-01978,101389,0.6,696,self_employed,home,0.0102,no
LN-01979,147802,0.39,813,student,business,0.0214,no
LN-01980,119314,0.73,787,student,business,0.0106,no
LN-01981,138195,0.3,536,self_employed,education,0.0159,no
LN-01982,37473,0.57,707,contract,car,0.0084,no
LN-01983,44291,0.26,654,contract,education,0.0043,no
LN-01984,51095,0.13,781,salaried,car,0.9878,yes
LN-01985,132201,0.59,550,salaried,medical,0.0152,no
LN-01986,43111,0.13,684,salaried,home,0.0033,no
LN-01987,65311,0.21,562,self_employed,education,0.0228,no
LN-01988,112021,0.11,655,student,business,0.016,no
LN-01989,32220,0.24,650,student,medical,0.013,no
LN-01990,106681,0.5,792,salaried,home,0.0087,no
LN-01991,138273,0.4,764,contract,car,0.9969,yes
LN-01992,145569,0.24,588,contract,home,0.0157,no
LN-01993,110801,0.74,728,self_employed,home,0.0137,no
LN-01994,179152,0.6,668,self_employed,home,0.0187,no
LN-01995,100302,0.32,786,salaried,education,0.9753,yes
LN-01996,92394,0.62,737,self_employed,business,0.011,no
LN-01997,95806,0.58,794,contract,business,0.0208,no
LN-01998,64537,0.24,750,salaried,business,0.9917,yes
LN-01999,97209,0.58,560,student,medical,0.0071,no
